Configuration Cosine Euclidean Manhattan
FastText_200d_avg_pred 0.544490 -0.497310 -0.497480
FastText_200d_moving_pred 0.462150 -0.344250 -0.343470
FastText_200d_sum_pred 0.625700 -0.603210 -0.602380
FastText_300d_avg_pred 0.588830 -0.534120 -0.530230
FastText_300d_moving_pred 0.515860 -0.391000 -0.389280
FastText_300d_sum_pred 0.667790 -0.648430 -0.646430
Glove_200d_avg_pred 0.586140 -0.542930 -0.541180
Glove_200d_moving_pred 0.518110 -0.389900 -0.389550
Glove_200d_sum_pred 0.651460 -0.634400 -0.633750
Glove_300d_avg_pred 0.587810 -0.532930 -0.532760
Glove_300d_moving_pred 0.522110 -0.391780 -0.393320
Glove_300d_sum_pred 0.651260 -0.637890 -0.637610
W2V_300d_avg_pred 0.620850 -0.580770 -0.578630
W2V_300d_moving_pred 0.612230 -0.445560 -0.446170
W2V_300d_sum_pred 0.687780 -0.673200 -0.672010
