2.81834
2.41522
2.63870
1.89721
1.71776
1.39908
1.41519
2.98805
1.70467
1.22084
0.21338
1.49462
2.51750
2.04638
2.14899
2.29685
1.77346
2.74797
0.19337
2.10493
2.26858
2.22531
1.53677
2.66895
1.82909
2.26442
2.86652
2.91247
2.39699
2.47324
2.45872
0.29919
2.38393
2.59568
0.59703
2.14331
2.33907
2.26546
0.30742
2.42126
1.62566
2.11948
0.36431
1.97802
1.96344
2.47025
2.27487
2.04922
2.21359
1.97306
1.65261
0.41696
2.80869
1.59707
0.92832
1.64319
1.40323
1.85793
2.17695
2.01099
1.54546
0.46264
1.71060
1.57758
2.73096
2.17143
2.25497
1.57742
2.50940
1.41612
0.19830
3.16535
2.32692
2.17809
1.68953
3.02458
1.86043
1.79896
2.22887
1.19833
2.87613
2.43191
1.70970
3.14882
2.09003
2.49762
2.38872
1.80987
1.08795
1.97929
1.64812
1.91756
2.03597
2.04929
2.41321
1.25698
2.73578
1.49901
2.63878
2.15127
1.34346
2.34425
1.83911
2.05789
2.53681
1.18327
3.51999
2.68115
1.76983
2.26307
2.11071
2.78124
2.30363
1.79584
2.27983
1.22457
1.53270
2.72302
2.58874
1.96437
0.64425
1.97663
1.92165
1.96805
2.60338
1.23814
0.92113
1.42298
3.13265
2.55609
0.84055
0.21186
2.04810
2.92073
1.83704
2.27205
2.14520
2.48557
2.97970
1.86076
2.60187
1.10927
2.50012
2.13853
2.93438
0.70352
2.37817
2.57213
2.40574
1.80210
2.43590
2.27084
1.67831
2.83587
2.33891
2.07404
1.55100
2.46829
1.75040
1.72727
1.33798
0.80067
2.47094
2.41431
1.57986
2.07741
2.64508
0.60965
2.08707
1.31742
2.78667
0.63987
2.46489
1.70640
2.39337
2.38761
0.58576
2.11485
1.90989
1.54670
2.04730
0.68660
1.99413
2.92148
2.39115
2.73598
0.32538
2.52186
2.62632
0.64105
0.40437
1.96570
1.81505
2.83863
1.20122
2.52142
2.67436
2.41704
1.55348
2.55439
1.83635
2.32679
2.05980
2.07510
2.19089
3.15248
2.50914
1.69473
2.44569
2.27255
2.63917
1.83167
0.27671
0.99948
2.32409
1.45345
1.94038
1.94834
1.58792
1.90782
1.73871
2.26058
0.32550
2.66476
1.82320
2.34751
2.26104
0.50205
1.79532
2.47251
1.27776
1.59860
2.29505
2.49829
2.18748
1.89721
2.50684
1.77536
2.64176
2.35054
1.77514
1.99025
0.10031
2.83973
2.55690
2.03494
1.73657
3.28623
2.00652
2.12412
2.84840
2.37150
2.04054
2.35033
2.21445
1.99357
2.54404
1.44195
1.90687
2.01341
1.69929
2.43620
1.77804
2.16934
0.18551
1.87599
1.40073
2.56846
2.44681
0.82012
1.80304
1.51978
1.76584
2.41573
2.24035
2.31190
2.29260
1.79509
0.27459
2.33548
1.69684
2.39988
2.76500
2.16557
2.44710
2.53534
1.85288
2.07120
1.70759
0.17638
2.22512
1.67275
3.00650
2.19089
2.43796
1.82279
2.20445
2.11058
2.30463
0.34101
2.05664
2.04853
2.61581
2.61569
2.00735
0.10975
2.24183
2.45749
2.18131
1.40267
2.14360
2.84985
0.53585
1.39984
0.36745
2.45230
2.36550
2.40097
2.29294
1.65101
2.52165
2.37011
1.70225
2.05206
2.55909
1.96278
2.41746
2.41894
1.58255
1.72610
1.58094
1.48769
2.99936
1.99368
1.73488
2.32650
0.87550
3.05663
1.33886
2.53795
2.70665
1.55768
1.87746
2.50749
2.31065
2.30403
2.53025
2.53103
2.19068
2.46156
3.02491
2.16586
0.12504
2.71572
2.45224
2.15808
1.81252
2.74219
3.40829
0.40354
1.55059
0.22587
1.94497
0.61246
2.50102
2.98371
0.13215
2.13237
2.96205
3.05961
1.84191
2.24713
1.94281
1.88009
2.69402
0.30985
1.60943
0.62861
1.79851
2.46951
1.56182
1.92189
2.60944
1.86653
1.34942
2.61328
2.03423
2.26011
1.85688
0.98016
1.45944
2.17325
0.72813
2.14325
2.18151
1.71155
2.50241
0.14606
1.87571
2.64634
1.74558
1.88942
2.48259
2.80355
1.78002
1.49412
2.06077
1.03297
0.33592
2.43369
0.23567
0.85361
0.28045
3.12238
2.90882
2.23904
2.52251
0.14162
1.54654
0.51302
1.99416
1.86084
2.53035
2.66444
1.92713
1.77333
0.18118
2.86858
2.67961
1.52282
2.73645
1.86147
2.06513
1.36648
2.06114
1.99190
2.36872
1.08983
1.71835
2.31717
1.56592
1.61689
1.35031
2.65511
1.63790
1.20385
1.32548
2.19311
2.27471
2.25767
1.91621
1.19655
2.63697
1.80709
0.18010
2.51279
3.11880
0.58536
1.46276
1.81247
1.88027
3.01617
2.36890
2.77107
2.21454
1.72372
2.42362
1.81982
2.86778
2.51117
2.68182
2.39911
2.69062
2.48497
2.29059
1.84918
1.45686
1.63475
2.64546
0.70484
2.37660
1.68600
2.01372
1.76641
2.49299
2.54101
1.77455
2.83305
2.33714
2.39563
2.19665
1.52694
2.79625
2.48329
2.32761
0.41045
2.39216
1.81952
2.17449
1.81966
2.04043
3.08362
1.81670
2.64809
0.65401
0.45631
1.97406
0.45358
1.75710
2.49345
2.75086
1.93136
1.56556
3.21403
2.31840
2.86235
2.18520
2.19394
0.27815
1.84743
0.20601
2.26297
2.91302
0.89002
1.91464
2.18774
2.17658
2.26870
0.30404
2.47989
2.58210
2.39021
0.69828
1.99416
1.86500
2.31400
2.64728
2.34257
0.44771
1.10563
1.34637
2.38977
1.50076
2.41656
2.14679
2.52697
2.19248
1.89014
2.21594
2.22301
2.41311
1.76317
2.38869
1.46338
2.03194
2.53842
0.54804
1.56247
2.07776
2.51713
1.96970
2.71585
2.35849
1.73749
2.50352
1.12118
2.53925
1.43647
2.61386
1.83304
2.39513
1.67952
2.14383
2.09657
1.96097
2.39944
1.95298
2.12531
2.44531
1.95269
1.55188
2.28562
1.75030
1.85275
2.22442
1.66248
1.51351
1.29864
2.17753
1.58011
2.84133
2.14516
2.80428
0.55062
0.46573
2.44401
2.13465
0.17937
1.77067
1.02436
2.51953
2.21110
2.19007
2.32112
0.38691
1.49680
1.47906
0.31013
1.47433
2.35714
1.37240
2.10643
1.70206
2.48573
2.69916
1.86278
2.08521
0.51225
2.35881
1.74531
2.14087
1.76373
2.59654
2.69001
2.78568
1.67669
1.34684
0.99650
2.22871
1.61085
1.36271
2.07275
0.43323
1.72426
1.68181
1.53021
1.94596
2.21513
2.66421
2.30466
2.40077
1.57289
2.20284
2.74940
0.76220
1.98766
2.26209
2.44923
0.51400
0.53730
2.77598
2.17122
1.21848
0.26278
2.07664
2.12371
2.49845
2.20825
1.91574
2.36567
2.25210
2.73213
1.92868
2.29024
0.30756
1.61078
2.22289
2.51441
1.87663
0.59579
1.86139
2.41706
1.69362
0.22694
2.63767
2.53610
2.47554
1.93201
1.62334
2.34747
2.41238
2.74252
2.71636
2.48914
2.54618
2.54670
2.62493
2.72876
1.84173
1.85929
1.61498
2.05527
1.88974
2.87662
0.26696
1.31605
2.04433
2.46788
2.86406
1.97449
2.27952
2.29507
2.41314
1.63899
1.86187
1.60153
2.82811
2.22030
0.52692
1.77299
1.19999
2.31553
2.37757
2.22221
2.20195
1.38893
2.56989
1.84789
3.22198
0.17096
2.34935
1.39373
1.93598
2.33089
2.19220
2.14476
2.08680
2.56378
2.43205
2.70055
2.27103
2.58882
2.46010
2.31502
2.09013
2.32134
2.13137
1.87886
1.72725
2.15756
2.05866
2.55107
2.14114
2.93460
2.08785
0.43900
1.84394
1.62252
1.59958
2.62295
