0.77584
0.26792
0.51592
2.18769
1.15151
0.46683
1.85525
1.24925
0.33883
0.81567
1.83708
2.06065
0.45316
2.30217
0.49704
0.16293
0.12317
1.13079
0.49393
0.16952
2.07266
1.69401
2.17725
1.75135
2.13559
0.28357
0.50339
0.06338
2.39354
0.53336
0.05101
0.49237
0.33141
0.08098
2.22727
0.11645
0.24217
1.94494
0.22951
0.68447
0.26188
1.79561
2.16375
2.59750
1.39646
2.18726
0.47777
2.41546
0.03333
2.32924
1.83195
0.11893
0.91713
1.66718
0.33907
0.33195
1.66238
2.14763
0.85086
1.75068
0.42474
2.00403
0.69764
2.01453
0.67991
0.48636
0.20585
2.34617
0.17271
2.93194
1.69599
2.01804
1.78320
0.43532
0.69902
0.46086
2.47506
1.93623
0.39759
1.71362
1.98173
1.51613
0.11563
0.28073
0.76385
0.33212
2.10746
0.27504
0.30840
1.10188
2.20495
0.38164
1.59399
1.77993
2.00783
0.22417
1.01050
0.13663
1.61331
1.26018
2.10856
1.41372
2.55146
0.31030
0.18567
2.12957
2.41462
2.25055
0.72335
2.57011
2.18727
2.30401
1.76813
2.43240
0.43580
1.72309
0.58035
2.17802
0.68381
0.23541
0.35530
0.75760
1.98550
0.18713
0.36612
2.51205
2.18800
0.32895
2.42189
2.11369
0.50548
1.77744
0.47714
1.69164
0.54498
2.20789
0.62908
1.76151
0.30733
0.45618
1.59301
2.13082
2.00725
0.09878
0.65635
2.26826
1.30621
0.42513
1.74427
0.72261
0.17336
2.15009
1.29692
0.37430
2.29858
0.41443
2.06331
0.69317
2.04260
0.41268
2.57275
0.18984
0.52249
2.01853
2.07389
0.54478
2.40495
0.41059
0.72087
0.19189
2.78268
0.43424
1.75762
1.90533
0.43060
0.78326
1.98259
0.27481
2.07348
0.51681
0.33936
1.64019
1.81508
2.29595
0.19479
0.71346
1.89006
2.37576
0.25236
1.96899
2.32258
1.00641
2.26445
0.58219
2.13160
2.69666
0.32151
0.19295
1.80833
0.65950
1.70308
0.49638
0.14204
0.85348
1.34159
0.31038
1.92585
0.52158
0.43697
2.50807
1.88986
0.11310
0.18825
2.05354
2.74010
0.66142
2.30193
2.10937
1.60983
1.88459
0.19695
0.44198
0.31611
1.91215
0.61431
1.07647
0.78001
2.21638
2.02848
1.79338
0.62971
0.19073
0.55515
2.68232
1.58178
0.43893
1.96640
0.95233
0.36797
0.13664
0.30691
0.22970
0.45222
0.19206
0.65881
0.20586
2.26654
0.37620
0.33049
0.70349
0.23004
1.77675
2.44833
1.61587
2.39619
0.33013
2.20636
0.18946
0.37858
0.21954
0.25896
1.69245
2.35380
2.74643
0.25587
1.15972
1.35573
2.41749
0.20656
2.32659
0.67877
0.19171
1.06354
0.14291
0.35800
0.34962
0.27251
0.72124
1.89690
0.83747
0.58233
2.17651
1.55997
0.22046
0.12873
2.20739
1.95694
0.25602
1.26273
2.69627
0.31703
2.29732
1.36282
0.57011
0.44695
1.71679
0.36476
2.18489
2.76504
0.39361
0.74279
2.14047
0.59279
0.57827
0.27916
1.80550
0.14715
1.66412
1.91394
0.22472
0.32774
2.07696
1.39945
0.64039
1.87413
0.66881
1.62008
2.11127
0.16769
0.17230
1.79101
0.69507
1.06387
2.17848
0.96377
1.56378
0.34039
1.60882
1.63220
2.30324
0.13857
1.13990
1.89202
0.68811
2.08397
0.51760
0.54331
0.33599
0.55125
0.21079
1.93035
0.38170
2.11855
2.16081
1.25609
2.23211
0.20694
2.36421
0.44709
0.35574
2.25024
1.35809
1.28754
0.17243
1.83142
2.16884
0.45262
1.86895
2.27197
1.29900
0.62275
1.98892
0.15435
0.32110
0.43171
0.56607
0.77113
1.04148
1.51298
0.11900
2.30116
0.48674
1.97876
0.39822
1.62777
0.46295
0.63668
1.46642
1.27345
1.65604
0.38237
0.26528
0.15709
0.35981
0.48975
0.61074
0.09964
2.12913
0.61925
2.03601
0.57801
0.36209
2.11319
1.93634
2.39508
0.26792
0.13711
2.11614
2.96415
0.10878
1.13418
1.56736
2.24383
0.85258
1.40637
0.17948
0.30670
0.38655
1.55161
1.82787
0.22821
1.24483
0.29354
0.49711
1.91025
2.30983
1.82543
1.81110
2.07136
1.35241
0.42667
2.21582
0.62921
0.25237
2.38687
0.38579
0.82879
2.66921
0.25089
0.21859
0.36177
1.89341
0.37913
2.01171
1.86173
2.23101
2.35965
0.49038
0.75726
2.11398
0.42640
0.31272
0.50239
1.81495
0.76727
1.68069
0.35060
2.87573
1.67010
0.35564
0.18038
1.81923
0.66808
0.29981
0.39469
1.04070
0.27112
0.43645
0.70470
0.40534
1.12835
0.45065
0.22155
2.05481
1.46670
1.86258
0.32839
0.09363
1.78846
1.70026
1.40511
1.54235
0.38141
0.32990
2.81988
0.13622
1.86621
0.20402
2.40925
0.13868
2.24481
1.87951
1.50070
2.01317
2.20379
1.76407
1.03330
1.37474
1.96509
0.31985
0.65249
0.06398
0.06138
0.17132
0.43399
1.00260
1.53669
2.23770
0.12658
0.61904
0.41675
2.67151
0.43631
1.66699
0.24056
1.68305
0.37423
0.89012
1.82835
0.26912
1.75163
1.87435
1.81258
2.53105
1.57030
0.24044
0.13701
0.18103
0.18455
0.57748
1.92409
0.16145
2.27253
2.31956
0.29045
0.53493
2.07770
0.67776
2.36658
2.22405
0.56393
1.24594
1.86746
1.95810
0.25000
0.19341
0.67577
0.55530
0.59940
0.87255
0.14066
1.89765
1.99535
0.14975
2.09174
2.27951
0.35623
1.42530
1.65914
0.23156
2.18865
1.81673
1.51367
0.15428
0.15964
1.96945
0.19629
1.11352
2.03293
1.98333
0.28619
