3.20449
2.70994
2.94842
2.29023
2.28062
1.75335
1.77220
3.36594
2.04526
1.66597
0.29162
1.96792
2.86736
2.36799
2.64980
2.82916
2.50858
3.23560
0.40586
2.44454
2.82072
2.38741
1.73759
3.13899
2.40630
2.22226
3.05964
3.32614
3.05320
2.89816
2.78029
0.41822
2.67633
3.04102
0.50926
2.51306
2.71811
2.57249
0.38845
2.82498
1.96942
2.43504
0.65343
2.49245
2.05636
2.63597
2.66313
2.48927
2.70354
2.47722
2.08735
0.47979
3.19770
1.98268
1.04343
1.80159
1.78430
1.98879
2.49893
2.29671
1.61693
0.70657
2.14679
2.06690
3.05658
2.52035
2.53971
1.97678
2.79712
1.91320
0.24359
3.40266
2.79414
2.52074
1.88356
3.38410
1.84968
2.06878
2.68453
1.68675
3.08370
2.51519
1.86983
3.48362
2.71002
2.87088
2.46703
1.95680
1.55263
2.41157
2.29295
2.27624
2.00398
2.55795
3.00035
1.54506
3.29087
1.84256
3.01563
2.50391
1.54590
2.49194
2.41659
2.34685
3.01473
1.30290
3.73244
2.97546
2.16633
2.61671
2.19896
3.14371
2.69834
2.11362
2.74547
1.74682
1.82660
2.84769
2.50665
2.33195
0.70791
2.10626
2.27418
2.75747
2.85673
1.61491
1.20991
2.03426
3.60909
2.98385
0.98421
0.47761
2.24200
3.46209
1.87442
2.59907
2.68309
2.85317
3.13994
2.15564
2.99237
1.28713
2.98604
2.59018
3.07996
0.69773
2.81336
2.90046
2.73646
2.16752
2.89383
2.43811
2.04707
3.12455
2.57745
2.41927
2.12718
2.89568
2.04190
2.15551
1.74579
0.87980
2.89672
2.80220
1.87103
2.30685
2.84140
0.74833
2.63529
1.93090
2.92598
0.93229
2.89388
2.05311
2.90741
2.69515
0.76529
2.52802
2.14386
1.82597
2.28783
0.80187
2.41618
3.32277
2.83087
2.90693
0.40918
2.98770
3.34877
0.71751
0.56769
2.22369
2.30269
3.24153
1.82460
2.89008
3.03151
2.90591
1.81130
2.59629
2.10460
2.70635
2.47771
2.85015
2.79060
3.51337
2.68783
2.01550
2.91828
2.55914
2.59765
2.16571
0.30031
1.00938
2.79481
1.68231
2.25528
2.09367
1.98902
2.26757
2.29146
2.83507
0.53117
3.25397
2.22485
2.77433
2.60494
0.71790
2.18922
2.85812
1.58242
1.63321
2.65568
2.75616
2.60643
2.08092
2.88798
1.91954
3.02452
2.47549
1.86403
2.26396
0.12394
3.26281
3.14563
2.39840
2.02864
3.60963
2.31761
2.54527
3.38368
2.78752
2.48078
2.34410
2.78345
2.16665
2.71871
1.72090
2.49455
2.58220
2.12499
2.66173
1.80603
2.33891
0.28437
2.18827
1.98812
3.16533
3.08075
1.06068
2.33963
1.88117
2.21182
2.64621
2.42850
2.49619
2.83506
2.29722
0.42834
2.77818
2.49223
2.66682
2.84057
2.61987
2.82997
3.12222
2.15156
2.37175
2.12735
0.32936
2.48245
2.47281
3.25795
2.52893
2.50831
2.11316
2.67580
2.56460
2.43491
0.56516
2.51391
2.50283
2.73271
2.72022
2.12470
0.21718
2.64527
2.78748
2.46468
1.70426
2.29747
3.20624
0.71260
1.66715
0.41143
2.69971
2.48280
2.71260
2.52410
1.52004
2.83174
2.72141
2.02706
2.61747
2.67352
2.36836
2.75999
2.79287
2.01873
2.17139
1.93915
1.59275
3.30062
2.70645
2.01021
2.69641
1.15026
3.41315
1.78871
2.89013
3.22600
1.83229
2.41369
2.58036
2.80565
2.66854
2.85251
3.02834
2.74290
2.78208
3.32791
2.55475
0.28056
3.02076
2.89759
2.70911
2.01883
2.87139
3.59460
0.59758
1.75211
0.27500
2.15217
0.57335
2.89871
3.20193
0.26231
2.77795
3.06214
3.28633
1.51989
2.64203
2.32459
2.18931
2.77030
0.40388
2.12355
0.68641
2.26316
2.71712
1.85718
2.22832
2.93420
2.13512
1.87619
3.07927
2.39707
2.44652
2.13190
1.09332
2.04350
2.34781
0.92248
2.64085
2.63143
2.30624
2.67527
0.26346
2.06408
2.92210
1.96513
2.20784
2.89448
3.12662
2.10356
1.97516
2.40924
1.26097
0.46194
2.61759
0.33835
0.96693
0.49444
3.34681
3.36482
2.73548
3.20030
0.31606
1.85674
0.67228
2.18113
2.10009
2.83206
2.81990
2.26689
2.07130
0.26264
3.09107
3.03740
1.84953
2.87716
2.25225
2.48658
1.53122
2.32256
2.34309
2.36285
1.67650
2.04798
2.77185
1.80995
1.86733
1.77114
2.95065
1.82878
1.61157
1.77291
2.53393
2.81068
2.63490
2.30991
1.61585
2.91667
2.00603
0.28593
2.65515
3.75779
0.75472
1.90651
2.01369
2.38446
3.33335
2.92262
2.85810
2.78656
2.12131
2.85595
1.98151
3.45435
2.49193
2.92326
2.62566
3.06655
2.87776
2.52684
2.28742
1.50980
1.85124
2.83687
0.81610
2.69772
2.14485
2.57984
2.00733
2.81046
2.82515
2.28051
3.09640
2.65452
2.87257
2.62808
2.07394
2.93872
2.83856
2.81732
0.41820
2.77820
2.24739
2.56516
2.15463
2.47499
3.37656
2.04658
2.58369
0.70058
0.61107
2.41764
0.64245
1.94837
2.92029
3.23509
2.14810
1.91945
3.48869
2.58374
3.21163
2.46465
2.61202
0.31461
2.23249
0.28577
2.84477
3.36214
0.85690
2.28818
2.83054
2.43191
2.79426
0.40199
2.71959
2.89391
2.67621
0.85884
2.52011
2.37591
2.40864
3.09715
2.80359
0.48299
1.42456
1.77421
2.60161
1.82181
2.71131
2.53342
2.78561
2.53009
2.29161
2.49184
2.64734
2.92688
1.87939
2.43339
1.98236
2.59547
2.92359
0.65715
1.61169
2.37240
3.21916
2.34776
2.96571
2.65437
2.37332
3.28175
1.44054
2.96507
1.76867
3.00033
1.85816
2.63971
1.93142
2.27254
2.19376
1.85609
2.68928
2.14259
2.56818
2.91569
2.16888
2.11966
2.70091
1.76505
2.14343
2.63285
1.97062
1.73348
1.73099
2.50320
2.05474
3.23162
2.39666
2.95902
0.78989
0.63076
2.62414
2.53574
0.22505
1.99092
0.87001
2.83189
2.58189
2.83861
2.70385
0.43367
1.88656
2.07295
0.42541
1.79607
2.80397
1.50045
2.70415
2.04671
3.00407
3.19420
2.35051
2.32380
0.70016
2.38163
2.04622
2.13618
2.12066
2.79052
2.96074
2.84184
1.89600
1.79922
1.14126
2.67064
1.82181
1.92345
2.22154
0.54551
2.41875
1.93018
1.66094
2.49291
2.52103
2.69067
2.67887
2.74038
1.91519
2.76652
3.25454
1.22160
2.77220
2.55130
3.02751
0.58084
0.80213
3.03408
2.65735
1.35402
0.40016
2.48063
1.81123
2.86774
2.65011
2.27502
2.96506
2.36210
2.90215
2.36559
2.58842
0.37657
1.97706
2.86142
3.02425
2.36436
0.89794
2.54524
2.68477
2.27715
0.40231
2.76457
2.58714
2.85884
2.04730
2.17837
2.87509
2.63690
3.18379
3.07567
3.03650
2.85996
2.78944
2.98451
2.88282
2.00134
2.30971
1.96935
2.32374
2.19905
3.18522
0.36400
1.76672
2.55009
2.48996
3.35240
2.48466
2.50637
2.76935
2.84846
1.89034
2.01700
2.24426
3.16714
2.40549
0.52191
2.01661
1.08274
2.86973
2.77727
2.60611
2.62625
1.69949
2.93050
2.15529
3.68358
0.19753
2.70112
1.73014
2.11219
2.68561
2.48662
2.75687
2.45468
3.08010
2.61792
2.83350
2.82931
2.88287
2.65556
2.54887
2.07527
2.79162
2.62821
2.16891
2.33258
2.40423
2.24757
3.28677
2.35007
3.30734
2.62937
0.50150
2.07642
2.08648
1.76899
3.02557
