1.09335
0.44702
0.97162
2.94821
1.88785
0.89462
2.65354
1.57005
0.77620
0.83820
2.60425
2.65658
0.88202
2.94208
1.01414
0.26919
0.26994
1.39429
0.78624
0.21768
2.48716
2.50492
2.69186
2.88373
2.98338
0.47409
0.77449
0.11125
3.38017
0.84451
0.15720
1.00412
1.01148
0.15793
3.00076
0.14681
0.45373
3.05109
0.42395
1.09488
0.62522
2.73436
2.43367
3.30887
2.62817
2.78501
0.59874
2.96433
0.09536
3.10199
2.66437
0.24800
1.08258
2.52520
0.62520
0.97508
2.09203
2.97764
1.20257
2.60829
0.69337
2.80459
0.77814
2.56051
1.22035
0.96077
0.44929
3.16941
0.32679
3.63121
2.62579
2.75852
2.35273
0.76844
0.86252
0.65232
3.22199
2.49105
0.43649
2.54618
2.65161
1.98078
0.16211
0.48872
1.03025
0.89227
3.10741
0.48740
0.86868
1.39402
2.93481
0.71998
2.68276
2.66226
3.02906
0.32968
1.81858
0.38330
2.04940
2.03454
2.36049
2.13704
3.03461
0.75314
0.44926
2.63887
2.84370
3.01516
0.70278
3.33028
2.95774
3.06837
2.70687
2.95463
0.75474
2.37391
1.04107
3.13066
1.10509
0.58236
0.75067
1.09050
2.81340
0.23712
0.72034
3.42410
2.97712
0.52817
3.20090
3.09711
1.07605
2.43733
1.19539
2.51526
0.80327
2.80851
1.03892
2.52919
0.42960
0.51937
2.21870
2.82101
2.71905
0.31775
1.01025
2.91539
2.64280
0.95261
2.73779
1.16736
0.28532
3.16171
2.11591
0.57143
3.11109
0.66188
2.76565
1.08050
2.88482
0.67082
3.33671
0.34233
0.77033
2.77475
3.10609
1.18467
2.85620
0.43466
1.14247
0.29507
3.09362
0.95246
2.57077
2.89612
0.82100
1.62364
2.66790
0.42830
2.85402
1.10448
0.46463
2.21903
2.62071
2.87476
0.28857
0.75620
2.22495
3.11964
0.34872
2.79275
3.07996
1.46244
3.20328
0.71760
2.84226
3.39806
0.49662
0.35544
2.36589
1.03436
2.49104
0.92664
0.20572
1.21706
2.09943
0.52671
2.44942
0.75407
0.64005
2.80914
2.22750
0.23684
0.31161
2.88057
3.00591
0.85632
2.97284
2.55061
2.15474
2.65957
0.32829
0.78782
0.85595
2.67785
0.93157
1.29276
1.26841
2.91559
2.86237
2.53884
1.18867
0.31122
0.79540
3.25033
2.45520
0.86736
2.95140
1.37274
0.67358
0.38895
0.58931
0.49989
0.73386
0.35458
1.01783
0.38638
3.02856
0.55054
0.52201
1.17614
0.23145
2.53209
2.89189
2.44726
3.03512
0.63713
2.68367
0.42903
0.61115
0.48928
0.37780
2.35980
3.16157
3.40658
0.44886
1.58555
2.33820
3.17662
0.32150
3.13944
0.89897
0.35428
2.24904
0.33364
0.73974
0.56886
0.63375
1.11127
2.65094
1.51621
0.81335
2.48057
2.39706
0.45670
0.48044
3.02488
2.90038
0.37018
1.71165
3.40790
0.49828
3.09263
1.95858
0.76526
0.61055
2.29505
0.55380
2.99606
3.55751
0.52445
0.89405
2.77197
0.84360
0.73405
0.45146
2.78800
0.25388
2.10883
2.59219
0.43731
0.63450
2.72834
1.64926
0.98551
2.80545
1.07710
2.80648
2.91718
0.38240
0.32105
2.52846
1.08056
1.69186
2.75834
1.33197
2.61978
0.45681
2.48047
2.48121
2.77478
0.25220
1.89178
2.55864
0.91934
2.57955
0.93307
0.66440
0.73701
0.72926
0.47644
2.28443
0.59673
2.95586
2.82960
1.88438
2.91092
0.28806
3.11424
0.65300
0.58541
3.09865
2.16241
2.66813
0.31245
2.90691
2.69008
0.76346
2.54686
2.67490
1.75326
1.00694
2.72207
0.29291
0.43842
0.72150
0.93707
1.23595
1.36848
2.62224
0.17031
2.87645
0.63044
2.64516
0.62309
2.02745
0.63775
0.93447
1.96062
1.86277
2.52284
0.48827
0.43570
0.24041
0.43279
0.89045
0.97283
0.22403
2.80216
1.09777
2.35682
0.92173
0.74506
2.60118
2.26057
2.95689
0.48611
0.31595
2.85354
3.69665
0.22918
1.37366
2.10620
2.96372
1.32724
2.23804
0.50846
0.45388
0.53597
2.39915
2.80106
0.34141
2.00102
0.69961
1.03685
2.72028
3.10316
2.52946
2.62228
2.75910
2.00467
0.62100
2.86503
1.04065
0.38970
3.07986
0.81499
1.13035
2.70357
0.52685
0.35213
0.65751
2.72908
0.73631
2.97465
2.25833
3.13195
3.06646
0.98956
1.28444
2.83800
0.79642
0.39796
0.76721
2.64149
0.91394
2.49568
0.58588
3.63059
2.52195
0.69923
0.55612
2.74917
0.98042
0.51076
0.48390
1.15006
0.75788
0.61680
0.95291
0.44997
1.70776
0.69301
0.47079
2.74277
2.47587
2.66325
0.53788
0.20627
2.30846
2.31622
1.74363
2.80170
0.73156
0.69623
3.40423
0.15269
2.61651
0.30884
2.88537
0.29075
2.99575
3.16237
1.54136
2.81131
2.87380
2.52608
1.41771
1.82787
2.78736
0.48466
0.81798
0.11223
0.12012
0.41557
0.97453
1.03145
2.44264
3.01978
0.30751
1.10749
0.63751
3.32274
0.63357
2.46529
0.41864
2.62194
0.56201
1.12972
2.46027
0.71437
2.45956
2.59069
2.64388
3.01019
2.10698
0.32971
0.25651
0.34676
0.30734
0.95730
2.83061
0.35478
3.07214
2.80132
0.60243
0.84362
2.91889
0.91432
3.01017
2.43169
1.09700
1.46788
2.61204
2.71640
0.42035
0.45464
0.78615
0.76624
0.89655
1.27698
0.41490
2.67964
2.72587
0.24929
2.98961
2.92146
0.49588
2.13882
2.58396
0.56228
2.68221
2.65599
2.05382
0.29511
0.26164
2.81486
0.47154
1.34992
2.70768
2.57551
0.49826
