1.04236
0.44012
0.81306
2.85079
1.65919
0.79160
2.44814
1.48763
0.62700
0.73578
2.36304
2.40079
0.67623
2.70127
0.77488
0.23838
0.23662
1.20913
0.71634
0.19568
2.31741
2.20054
2.57423
2.62415
2.73521
0.41050
0.59037
0.08552
2.90757
0.72180
0.15055
0.92158
0.78904
0.14756
2.73942
0.11258
0.39216
2.69936
0.37323
0.95003
0.48441
2.50896
2.35514
2.90301
2.24649
2.68796
0.55618
2.82765
0.07828
2.92126
2.49876
0.18061
1.02910
2.27232
0.50020
0.78723
2.00816
2.75704
1.08609
2.37226
0.55338
2.57838
0.70802
2.37994
0.90374
0.83793
0.30845
3.06339
0.25509
3.35555
2.33243
2.45034
2.15825
0.68724
0.71862
0.56263
2.99653
2.19442
0.37423
2.39067
2.38503
1.82868
0.14651
0.37619
0.93008
0.67218
2.84840
0.43197
0.78637
1.27780
2.78457
0.57161
2.40913
2.39592
2.83586
0.26586
1.62230
0.36297
2.04065
1.69452
2.09541
1.94679
2.82081
0.59840
0.37946
2.48825
2.63169
2.77487
0.62031
3.05796
2.78917
2.86830
2.32716
2.77377
0.63126
2.05554
0.91156
2.88014
0.99289
0.48702
0.69346
0.87991
2.59788
0.18842
0.52064
3.21275
2.81219
0.51605
2.93857
2.75546
0.88912
2.19107
1.03895
2.21583
0.64615
2.51895
0.97256
2.33653
0.36782
0.43450
1.87406
2.65042
2.46156
0.28405
0.95446
2.66680
2.29224
0.79033
2.38475
0.89992
0.25628
2.88808
1.82525
0.50487
2.90151
0.62316
2.69770
1.01512
2.70731
0.57847
3.10264
0.25449
0.67260
2.57169
2.81941
1.02184
2.61337
0.39182
0.92043
0.25959
2.97499
0.76373
2.30540
2.67158
0.70975
1.29046
2.48137
0.34493
2.64700
0.84507
0.43605
2.06367
2.47262
2.67287
0.23749
0.69174
2.06583
2.97642
0.30412
2.51080
2.84887
1.40998
3.02612
0.62656
2.59057
3.21429
0.41138
0.31144
2.28038
0.83579
2.23949
0.70114
0.18282
1.03406
1.85869
0.41536
2.33732
0.69524
0.53348
2.66342
2.05705
0.21916
0.26976
2.69702
2.90651
0.69086
2.84888
2.28078
1.95150
2.55641
0.27542
0.62824
0.50809
2.33673
0.90195
1.36940
1.16927
2.66144
2.64181
2.26446
1.00062
0.27766
0.68351
3.17184
2.23691
0.68488
2.69560
1.26707
0.47832
0.36478
0.52069
0.44600
0.62708
0.27339
0.88605
0.31886
2.75022
0.51069
0.46494
0.87046
0.23623
2.26709
2.80636
2.16209
2.91316
0.50644
2.51084
0.34915
0.55867
0.41565
0.29964
2.09390
2.86699
3.20252
0.34517
1.48437
2.16429
2.89860
0.26864
2.96893
0.84439
0.28663
1.93780
0.30352
0.54607
0.49760
0.43458
0.92179
2.43139
1.24217
0.70325
2.31240
2.07051
0.40331
0.38421
2.83676
2.62036
0.33543
1.56808
3.19964
0.37414
2.86280
1.49184
0.70525
0.59444
2.04893
0.50260
2.69930
3.32304
0.43630
0.82632
2.62596
0.72280
0.63638
0.37914
2.42583
0.21552
1.98100
2.48220
0.40644
0.52874
2.58517
1.48032
0.72008
2.56515
0.84244
2.40746
2.73641
0.28933
0.25895
2.34343
0.97619
1.47198
2.51999
1.14843
2.16674
0.39202
2.25588
2.28523
2.57933
0.21083
1.65467
2.31201
0.79133
2.52185
0.89853
0.53620
0.66843
0.64045
0.37049
2.05670
0.51624
2.68269
2.65949
1.48153
2.80984
0.25174
2.93875
0.50685
0.50552
2.86396
1.90966
2.38990
0.28216
2.55844
2.45781
0.63631
2.33546
2.51375
1.60863
0.90467
2.49383
0.25207
0.39031
0.63148
0.75337
1.04024
1.25331
2.30632
0.13570
2.52995
0.54913
2.46501
0.51829
1.89515
0.49421
0.78795
1.89689
1.57482
2.22649
0.41060
0.35841
0.20606
0.40362
0.80907
0.86620
0.18273
2.55369
0.97378
2.35857
0.82880
0.61026
2.44290
2.19160
2.72541
0.38527
0.25400
2.53548
3.52519
0.19675
1.31822
1.83958
2.80144
1.22738
1.99851
0.42448
0.37395
0.44936
2.19039
2.52959
0.26913
1.73132
0.53953
0.96410
2.44373
2.96346
2.24855
2.43247
2.57227
1.81330
0.52621
2.74998
0.95876
0.36803
2.92736
0.71689
0.86540
2.65797
0.38474
0.28345
0.49272
2.42833
0.62829
2.71341
1.97320
2.93285
2.96877
0.88335
0.92015
2.76836
0.71327
0.40205
0.68443
2.43931
0.64843
2.34482
0.48642
3.39066
2.23354
0.60162
0.45454
2.60744
0.82956
0.39622
0.47520
1.02654
0.55021
0.52165
1.03565
0.39881
1.43885
0.52462
0.34069
2.57320
2.13229
2.43019
0.49527
0.17811
2.00523
2.13825
1.65887
2.39309
0.59253
0.57773
3.13298
0.13292
2.49460
0.25739
2.75982
0.26048
2.89683
2.95647
1.32099
2.68012
2.64688
2.29921
1.38753
1.60437
2.61045
0.47114
0.77783
0.09957
0.08742
0.34157
0.78795
0.85912
2.08852
2.82797
0.26156
0.90900
0.57186
3.16398
0.56194
2.28708
0.36281
2.34956
0.44120
1.01601
2.27053
0.60146
2.23585
2.39255
2.40786
2.92996
1.80530
0.29525
0.17969
0.24226
0.28491
0.80234
2.59924
0.31605
2.84894
2.58129
0.50352
0.66943
2.74085
0.78801
2.93401
2.20897
1.00444
1.32158
2.41214
2.48682
0.38909
0.45490
0.73113
0.73483
0.77211
1.09198
0.41184
2.52092
2.61614
0.20258
2.76637
2.81034
0.45308
1.94394
2.23842
0.50044
2.45469
2.41962
1.86750
0.24957
0.17545
2.56851
0.41885
1.25087
2.51487
2.35063
0.36483
