0.24696
0.19113
0.35127
4.01139
3.09201
0.54244
3.04151
0.44912
0.39726
0.40832
2.99267
3.28974
0.79947
3.96290
0.69398
0.12275
0.23198
0.47787
0.19003
0.03764
2.70105
2.96066
3.95412
3.28175
4.10137
0.18479
0.40501
0.07925
4.03163
0.34043
0.06977
0.47880
0.72588
0.14982
3.65179
0.08579
0.10879
3.31171
0.13321
0.36505
0.15032
4.49537
2.46970
3.99144
3.87389
3.18819
0.43676
3.46922
0.06040
3.86196
2.97252
0.10149
0.56941
2.94151
0.51091
0.39945
2.38227
3.77243
0.59995
3.60314
0.37129
3.24747
0.71421
2.37684
1.01824
0.51989
0.27270
3.99768
0.19092
4.16445
3.02250
3.90134
2.95191
0.43439
0.45014
0.44144
4.12370
3.00060
0.13813
2.97141
3.47169
3.25691
0.06283
0.19633
0.35449
0.69719
3.40668
0.15973
0.77962
0.49092
4.21480
0.43142
3.22819
3.65913
4.08031
0.07663
0.73926
0.27812
2.12547
2.53220
3.11559
2.29319
3.31941
0.67698
0.28407
3.44144
4.20251
3.96835
0.17040
3.92007
3.19727
3.50625
2.26999
4.01092
1.03430
3.49354
0.54518
4.11320
0.28822
0.30273
0.19617
0.37988
3.37127
0.12802
0.56391
4.40855
4.11804
0.37111
4.08994
3.54012
0.64807
3.14230
0.56033
2.91309
0.76363
2.96255
0.60170
3.78597
0.17430
0.22156
2.85278
4.09805
3.07219
0.14711
0.48675
3.71944
3.20261
0.63153
3.44774
0.82467
0.14806
3.76256
3.66716
0.34424
3.95977
0.60391
3.26392
0.32355
3.29004
0.40040
3.81768
0.21492
0.31373
3.47926
3.56187
0.43643
3.50460
0.13714
0.64224
0.26920
2.99767
0.29595
3.11555
3.93633
0.23752
0.74590
3.58991
0.23782
2.52215
0.54252
0.28241
2.74173
2.99635
3.70151
0.12174
0.23529
2.20072
4.08632
0.29868
3.23918
4.15983
0.48333
4.09797
0.33424
3.00068
4.30816
0.37133
0.16350
2.10150
0.40601
3.06125
0.36934
0.03673
0.58115
2.34689
0.37509
3.43832
0.21406
0.28373
4.09380
2.53278
0.13768
0.26237
4.04757
3.40804
0.40259
4.02487
4.16043
2.17941
3.40309
0.10064
0.32580
0.47623
3.64997
0.42178
0.74625
0.69083
3.00765
3.22306
3.02900
0.29077
0.06455
0.55795
4.18354
2.83646
0.38790
3.45885
0.48871
0.55172
0.17303
0.20047
0.11442
0.33670
0.17465
0.60417
0.12893
3.92680
0.08961
0.19816
0.67141
0.11385
3.36617
2.50503
2.93596
3.90855
0.33536
3.36739
0.21116
0.27137
0.47523
0.15005
3.23936
3.94361
4.11141
0.37054
0.83644
2.04046
3.89359
0.14159
3.91056
0.74973
0.30953
2.51804
0.29674
0.51533
0.28337
0.29088
0.51732
3.02647
0.82406
0.60732
2.94853
2.90673
0.10213
0.18485
3.94627
3.93086
0.22865
2.15602
4.20549
0.14120
3.34559
0.59591
0.52680
0.38583
2.40651
0.27698
3.32961
3.91570
0.28351
0.54569
3.87220
0.95547
0.23981
0.15348
3.31817
0.16467
2.41598
3.02613
0.12833
0.31554
3.41170
0.44711
0.61786
3.30111
0.56328
3.64236
3.48194
0.18174
0.18923
2.93239
0.64134
2.35870
3.28941
0.46837
3.82036
0.11775
3.03455
2.92633
2.86048
0.11696
2.85662
3.01629
0.42239
2.27875
0.59456
0.33814
0.63317
0.44242
0.30459
2.51055
0.40494
3.75889
3.22916
2.98713
3.22591
0.22202
3.37578
0.54039
0.36932
3.76032
2.72771
3.66596
0.18805
3.45188
2.86596
0.50462
2.95823
2.89665
0.76788
0.57193
3.40161
0.20569
0.10520
0.23813
0.34734
0.42019
0.95286
2.30923
0.06768
4.03983
0.29846
2.72952
0.46415
3.09735
0.37736
0.38121
2.01372
0.76861
2.91395
0.24151
0.15729
0.09246
0.22215
0.53209
0.32479
0.06016
3.29818
0.60563
2.80962
0.44082
0.55818
3.04367
3.28690
3.47971
0.17660
0.20680
3.25267
4.28189
0.12942
0.47665
2.56921
3.46885
0.68288
2.91444
0.18937
0.14034
0.31146
3.24068
3.29264
0.27403
2.47123
0.26827
0.26244
3.06133
4.09569
3.86149
3.04368
3.89979
2.32022
0.38848
4.04949
0.50536
0.07817
3.84102
0.32852
0.48103
2.86258
0.30248
0.38692
0.29072
3.28933
0.30016
4.30328
2.93573
4.02666
4.20264
0.67052
0.62244
3.96150
0.23769
0.40023
0.22645
3.05683
0.56394
1.78252
0.35103
4.05803
3.07266
0.37353
0.31218
4.05645
0.56485
0.20127
0.14472
0.71692
0.44190
0.24438
0.26791
0.13856
0.70859
0.58512
0.24381
3.71517
3.28573
3.20294
0.40261
0.11721
3.49873
2.24805
0.74137
3.30286
0.48469
0.68519
4.34958
0.05999
3.84097
0.15421
4.12916
0.16328
4.03497
3.81300
0.45926
3.70908
3.30193
2.90306
0.14257
2.10458
3.38470
0.12877
0.56313
0.05756
0.08882
0.49088
0.65208
0.46397
3.04817
3.93260
0.13173
0.73144
0.40877
3.80304
0.45418
2.89938
0.19476
2.96030
0.44554
0.60528
3.13025
0.37820
3.00808
3.02081
3.16560
3.98255
2.78732
0.19255
0.18152
0.26669
0.33595
0.28436
3.69915
0.11318
3.67480
3.22030
0.22198
0.40003
4.03061
0.63273
3.54545
2.66574
0.75248
1.78674
3.00087
3.77773
0.18907
0.17618
0.25699
0.19230
0.41241
0.60076
0.10260
3.00930
3.93082
0.20542
3.99894
4.10692
0.18673
2.91861
3.14141
0.14113
2.46870
3.79663
2.52084
0.19121
0.13792
3.20318
0.12722
0.28972
3.83444
3.22947
0.26857
