3.39335
3.13482
3.75212
3.17309
3.01553
2.34630
2.60394
4.24561
2.67822
2.29569
0.43797
2.61348
3.59832
3.11217
3.64874
3.63607
3.05731
3.49336
0.58509
2.19550
3.22034
2.87130
2.81472
4.21873
3.63919
3.38089
3.60510
3.67736
4.24029
3.92769
3.76906
0.24824
2.75158
3.62108
0.30849
3.28417
3.47439
2.79837
0.14711
2.74450
2.78885
3.75126
0.52743
3.29071
2.34841
2.68580
3.49059
3.22643
3.27183
3.35627
2.30964
0.24339
4.41569
2.51619
0.58857
2.53528
1.98255
3.37176
3.20122
3.43177
0.66147
0.45476
3.06410
2.57215
3.15383
2.79999
3.54661
3.21666
3.79629
2.32554
0.50390
3.99170
3.35624
3.93238
2.46290
4.43584
3.63198
2.27211
3.89143
2.33902
3.82795
1.74316
1.98321
3.51843
3.39344
2.78374
3.06310
2.53424
2.82948
3.19704
4.14544
2.55440
2.97583
3.43812
3.74550
2.70415
3.95947
2.51531
3.30828
3.11067
2.06070
3.12192
3.24016
3.41153
3.58463
1.33511
4.02974
3.07214
2.99710
3.31956
2.05748
3.82382
3.97473
3.10325
3.92165
2.40704
1.66597
2.92060
2.14011
2.93378
0.11846
2.40218
2.92942
3.60270
3.07201
3.12766
2.37499
3.39279
4.10323
3.47331
0.46565
0.35490
3.06902
3.77796
2.97233
3.19254
3.37450
4.07482
3.65101
1.96600
3.83504
2.02423
3.06071
3.24379
3.83225
0.19511
3.74766
3.69873
2.86683
3.18694
3.80450
2.43924
1.99748
3.42020
3.35747
3.68946
3.41771
3.45453
3.03567
2.73580
2.89267
0.83055
3.20009
4.17224
3.10474
3.07226
3.68415
0.21591
3.30793
3.21326
4.04554
0.46816
3.62216
2.76792
3.50487
3.59067
0.74353
3.49769
2.90104
2.71616
3.06744
0.88318
3.00171
4.11150
3.92321
3.09099
0.62206
4.49045
4.08132
0.28021
0.30845
2.64671
3.01647
3.62428
2.16411
3.54001
3.60867
3.67572
1.97767
2.28322
1.95369
3.53046
3.53284
3.21077
4.32395
4.13550
2.89158
2.94358
3.96200
3.59222
2.69501
3.54475
0.13330
0.51430
3.85541
2.11761
3.20364
2.96932
2.63706
3.22304
2.70547
3.94940
0.41308
3.83423
2.96197
3.70420
3.27726
0.50210
2.76208
4.43150
1.84221
1.19947
3.67872
3.46764
3.57315
2.81830
2.53429
2.60488
2.83572
3.30023
2.39796
2.96020
0.05947
3.77584
3.91322
2.72911
3.80701
4.00381
3.45592
2.72946
3.90108
3.66122
3.78506
2.35217
3.55008
2.27732
3.56755
3.26429
3.43602
3.92994
2.44325
2.22936
2.17426
2.36837
0.08776
2.75919
2.92094
3.34063
3.70400
0.37940
3.27811
2.50208
3.17428
3.14423
4.16212
3.19709
3.29776
3.33813
0.11401
3.56734
1.66065
3.61020
3.28226
3.78975
3.96072
3.78309
1.22053
3.19476
3.76982
0.24946
2.81400
3.66148
3.06314
2.99491
3.29565
2.26102
4.02570
2.81815
2.72509
0.70418
3.38135
3.46375
3.53936
3.41023
2.89081
0.18170
4.08238
3.73837
3.26796
2.06991
2.71594
3.41553
0.23930
2.85038
0.20439
3.79408
3.27194
3.40211
2.67977
2.15420
3.31195
3.58225
3.46218
3.73024
2.90441
2.52439
2.94552
3.79233
2.99766
2.12108
1.79829
2.24536
3.67469
3.47671
3.12075
3.45326
0.28870
3.55981
3.13579
3.74471
3.65506
2.76216
3.37732
3.07511
3.62979
3.35023
3.45547
3.89088
3.36966
3.88407
4.46140
3.66459
0.12186
3.79077
3.53835
3.27862
2.58829
3.25530
4.16036
0.41099
1.66270
0.10595
2.63172
0.25454
3.79839
3.61108
0.15592
3.58484
3.80568
4.04804
0.76283
3.11305
3.03567
3.40007
3.13310
