0.51084
0.01737
0.21882
0.19377
-0.04371
-0.02814
-0.20362
0.05099
-0.32134
0.04005
-0.16901
-0.17404
0.25647
-0.12983
-0.07132
-0.13119
0.17393
0.01743
-0.05307
-0.18852
-0.29247
0.12281
0.05484
0.03966
-0.13875
0.05345
-0.18891
-0.10429
0.07338
-0.12238
0.01117
-0.12779
0.03075
0.04215
0.47475
0.25773
0.49559
0.52791
0.63430
0.17996
0.04786
0.71575
0.09689
0.45040
-0.11999
0.07622
-0.13854
0.05945
0.33794
0.54649
0.09792
-0.13141
0.06590
0.41691
0.23945
-0.21917
-0.03348
0.17653
-0.06432
0.04186
0.41699
0.13745
0.21075
-0.14754
0.07798
-0.19202
0.01286
0.35960
0.24386
-0.16495
0.10647
0.04190
-0.04876
-0.12016
0.56237
0.30497
-0.06976
-0.02258
-0.18422
0.18457
-0.09662
-0.16717
-0.01743
-0.14986
0.12034
0.62207
-0.11928
-0.23247
0.50793
-0.10550
-0.15908
0.24193
-0.07769
0.12562
-0.01224
-0.18497
-0.11161
0.43965
0.20570
0.21955
-0.23422
0.21447
-0.24129
-0.18549
0.02401
-0.11314
0.08182
-0.05135
-0.05832
0.02300
0.12850
-0.20800
-0.16821
0.41030
-0.07861
0.04290
0.06361
-0.11694
-0.26667
-0.14073
0.37853
-0.28794
0.00275
-0.01574
-0.26650
-0.11677
-0.08306
0.00247
-0.12969
0.59799
0.04776
0.06599
0.11248
-0.10580
0.02997
-0.23237
-0.05168
0.14372
-0.22358
0.71079
-0.21527
-0.45310
0.03904
-0.10823
0.25488
0.02401
0.03801
0.35369
0.03376
0.20546
0.04981
-0.04524
-0.05765
0.04783
-0.05806
0.09885
0.07737
0.01461
-0.13115
0.48892
0.07404
0.04086
0.28204
0.21520
-0.17288
-0.12351
0.31580
0.00340
-0.23892
0.07800
0.16337
-0.00550
-0.05867
0.57799
0.14205
-0.08806
0.02238
0.07026
0.08530
0.06731
0.26944
0.55291
0.25895
0.03992
0.03892
0.14093
0.16977
-0.28073
-0.00950
