2.88009
0.25290
3.09102
3.24701
2.26706
2.82692
1.60851
0.60702
2.59254
2.85213
2.72999
2.17427
3.00275
2.79209
2.99691
3.03774
3.08181
2.57073
2.73477
0.36325
2.70273
2.70612
3.19202
3.12535
2.35241
2.89109
2.43710
2.40801
0.26861
0.35239
2.59691
3.07246
2.18456
0.41008
2.55740
2.40943
2.40392
1.72435
2.92342
2.34039
2.54098
3.02458
0.29674
2.34886
1.85160
2.86456
3.17628
2.10367
3.09596
2.57082
3.44725
2.84246
2.94274
3.26513
2.53470
2.38366
0.44883
3.17845
2.83003
3.21354
0.55695
3.03024
2.94533
2.45958
2.79581
2.94968
2.63451
2.41254
3.25542
2.32255
3.17786
3.16891
2.65813
3.16394
2.69510
3.12859
2.23041
3.08938
0.35878
2.77537
2.51165
2.88401
2.11663
2.00468
2.84786
3.07215
2.40392
2.73382
3.55804
2.38805
2.89332
2.57230
2.42116
2.78365
2.18078
3.33247
2.50343
2.85278
2.72847
2.58884
2.75758
0.48635
3.09903
2.92727
2.85837
1.21900
3.18706
2.46377
2.66318
2.75917
3.36178
3.12807
2.83574
2.71238
2.33512
2.34323
2.32798
2.22645
3.02219
2.45189
2.88696
2.77785
2.60692
2.49989
2.63356
2.76801
1.92815
2.08270
2.14128
2.51863
2.86234
3.31849
1.84084
2.54625
0.53566
2.55539
2.90730
2.64132
2.48814
2.56677
2.23459
2.94032
2.69055
2.36312
3.16891
1.97960
2.54625
2.10387
1.95806
2.68169
2.42116
1.71925
2.60962
2.70585
2.28685
2.50858
3.16571
2.52325
2.25719
3.06139
2.16491
2.64081
3.04980
2.51617
3.09596
1.92333
2.06618
2.78714
0.86535
1.92825
2.92251
2.65339
2.90815
2.66275
2.09193
2.65513
2.51082
2.42318
2.50010
2.86824
1.68336
1.19663
2.84762
2.33956
2.11663
2.90581
2.29209
3.24590
2.83732
2.26997
0.49263
0.63345
2.12882
2.66080
2.47250
2.61364
3.14485
2.52443
2.61631
2.91227
2.97424
2.39548
2.92456
2.84786
2.85291
2.75282
3.12697
2.06115
2.66494
2.17208
3.39995
3.13116
2.48391
2.72024
2.50727
2.85279
2.49012
2.48367
1.74292
2.64565
2.08550
2.23854
0.27441
3.31058
2.94150
2.76507
1.99706
3.24924
3.21527
1.85091
0.24853
3.01153
2.97536
2.74274
2.06618
2.51272
0.59557
3.24399
2.94188
3.15171
2.75285
2.44891
2.56410
3.06144
2.82584
2.46214
1.97223
2.37493
2.44355
2.21100
2.72649
2.97496
0.54990
2.18868
2.85926
2.65530
0.31042
1.86518
3.27357
0.44988
2.74887
1.62934
2.28479
2.71605
2.63667
3.01515
1.63415
2.42115
2.37333
2.88238
1.86388
2.55389
2.99529
3.02137
3.30759
2.70096
2.37961
2.77965
3.28434
2.54011
2.10284
3.09858
2.98838
2.21948
2.46772
2.26955
2.51783
2.13445
2.81783
3.39546
3.32259
3.04040
2.34886
2.94150
2.75075
1.52533
3.17797
3.26836
3.20550
2.95672
3.40452
3.07854
2.86517
2.75583
2.43223
2.66219
2.14328
1.54653
2.78822
1.95986
2.31439
3.03460
2.99404
2.51046
2.68957
2.77844
2.76586
3.16623
2.38366
2.95242
2.77785
2.29887
2.12274
2.88051
2.57343
3.11326
3.31872
0.64451
2.67793
3.30406
2.45244
2.31958
2.85945
2.07138
3.22508
2.95986
2.97621
2.62590
2.83821
3.34803
2.55740
2.73382
2.18728
2.88026
1.95806
2.65210
2.61318
1.50167
2.59972
1.73879
3.25968
3.05016
2.90181
3.09596
3.22163
2.33617
2.84307
2.77748
2.01771
3.31657
2.70273
0.17465
2.40058
3.09596
3.45971
2.14208
3.13543
3.02367
2.38643
3.10156
2.85403
2.75644
2.33361
2.04980
2.22175
2.80091
2.82061
1.70170
2.70430
2.54625
1.42766
1.59379
1.54996
1.43977
3.19684
3.03836
2.90027
2.88460
0.14681
2.86663
2.52443
3.02367
2.65811
2.29147
2.52501
3.07616
2.74995
2.36778
2.07277
1.99544
2.93686
2.91251
2.31460
2.50010
2.35971
3.35216
2.18456
2.50388
2.31439
2.05367
3.18640
2.89350
2.80300
2.66740
3.03310
2.50540
2.00982
3.16828
2.67867
2.99669
1.70170
2.13376
3.10807
2.74248
2.36153
2.40801
3.22099
2.63408
2.76573
2.19734
2.43002
2.91144
2.20665
1.70000
2.67500
0.85578
3.01197
3.17588
2.54599
2.47250
2.60144
3.37258
2.72264
2.49918
3.33468
2.68970
2.96065
1.93016
1.22035
1.42766
1.97509
2.75568
2.86151
3.02547
2.49533
2.37917
2.88709
2.27048
2.77340
2.40725
2.40092
2.55091
2.39876
3.08328
1.81577
2.16632
3.05843
2.91957
3.18491
3.04059
2.49362
2.99429
2.13383
3.01283
2.96853
2.34280
2.05340
3.23856
3.09095
3.27586
1.98296
2.82228
2.19957
2.47618
2.11064
2.00033
1.74219
2.68890
3.01430
3.01310
2.01444
2.61220
1.79539
3.08814
2.05367
2.18012
2.89949
2.72260
2.97136
2.58925
2.84764
0.72467
3.11021
2.12424
3.02254
1.87247
2.14065
3.01670
2.18563
2.65837
2.81956
2.76323
2.57760
2.95270
2.34838
2.07760
2.49888
3.25533
3.05917
2.86517
2.89798
2.59474
2.87736
3.03842
2.80828
2.51816
2.73358
2.31281
2.48798
2.88161
2.83215
2.73265
2.62994
2.39607
3.40452
2.13281
2.23410
2.43223
3.01891
2.84172
0.56185
3.03454
3.14526
2.55656
2.96944
2.83651
3.44671
2.38664
2.75556
3.05017
0.50685
2.87859
2.50147
2.38569
2.90052
2.76855
3.09858
2.47390
2.19161
2.83821
3.15539
2.15337
3.23198
2.77785
1.90304
2.84182
1.71985
3.04959
2.38183
2.57935
2.80828
2.55403
2.83405
2.88622
3.14750
2.42745
3.17274
3.16891
2.41904
2.64661
2.75090
2.10716
2.59254
3.19539
2.85696
3.04959
3.23841
3.09858
2.89109
0.09795
2.51617
2.83989
2.10798
2.61163
2.28570
2.48035
2.44355
2.75445
2.50403
2.48316
2.94535
2.55091
3.03295
2.35688
2.70790
2.65263
2.00623
1.19663
3.20558
2.82115
2.42058
0.23393
3.33468
3.17784
3.25752
2.97661
2.88378
2.58887
2.22891
2.94589
2.15033
3.14748
3.12789
2.21127
2.89148
3.09487
3.04959
3.46637
2.77713
2.87042
3.16828
2.61392
2.68583
2.82618
1.97707
2.51700
2.99728
3.13522
2.33004
2.69527
3.31876
2.64384
0.62014
2.75055
2.16535
2.33880
2.90443
2.02707
2.51171
2.51961
2.73431
3.23768
3.18924
2.12882
3.07579
2.95865
2.82003
2.99967
2.59420
0.83637
2.14926
2.92577
0.73688
0.28898
2.58777
2.97661
3.30138
1.76606
0.50892
2.88270
2.98228
2.81783
2.76555
2.36868
2.93996
2.67500
2.67822
2.94712
1.84480
2.54114
2.79209
2.31460
2.37917
3.20754
2.85959
2.86219
2.72801
2.81866
2.63667
2.51555
2.55389
2.62313
3.26596
2.65005
0.53068
2.95917
1.50976
2.95939
2.36153
3.04516
2.06115
2.57679
2.91857
2.92071
2.81239
2.43837
2.32240
3.02865
2.15553
3.04516
2.69427
2.70457
3.06240
2.56442
2.52710
3.02354
2.00489
2.75568
1.90577
2.26763
3.38017
3.03755
2.82596
2.82655
3.39232
2.38805
0.40388
3.25233
2.92384
2.73689
2.44599
2.74246
3.08447
1.36417
2.38768
2.05790
2.99424
2.77184
3.17797
2.71520
2.91471
3.02900
2.64409
2.67824
3.47832
0.63489
2.78841
3.03775
2.88953
3.40006
2.31778
2.23033
3.28771
2.31460
2.34695
2.88622
3.12783
2.66725
2.14725
2.82926
2.96965
3.20101
3.23841
2.93007
2.83531
3.31025
2.29955
2.75909
3.39232
2.55222
2.32058
2.99849
2.75272
3.40452
2.60289
2.39346
2.64616
3.63537
2.83892
3.07579
2.76597
2.92041
2.93686
2.27402
2.36540
2.73083
2.45189
2.36868
2.14208
2.13795
1.87778
0.29622
2.80979
2.82783
3.12900
2.70753
3.00143
2.28133
3.29538
0.19280
2.68701
2.71925
2.85225
2.90181
2.94413
3.03986
2.67126
0.72933
2.83531
2.66740
3.03963
1.94152
0.67954
2.45062
3.02091
3.04367
3.33468
2.12585
2.91891
2.46088
2.74248
3.34733
2.10150
0.41369
2.25507
2.73477
2.39607
2.91971
3.14325
3.14874
2.82970
0.33833
2.95841
3.00682
2.88921
2.45773
1.76410
3.21316
1.78238
0.19283
1.98876
0.31061
2.72772
2.82040
2.82978
2.59131
2.71009
0.15549
2.25054
3.22977
2.51685
2.33770
3.10241
3.22081
3.05021
2.16632
1.92699
2.94392
3.08224
2.37540
2.34695
3.16427
2.53098
2.67822
2.49867
3.15401
3.08599
3.52440
2.30304
2.82759
3.12011
3.23863
3.37216
2.81146
2.45433
3.07616
2.92983
3.27724
2.59392
2.32679
2.87500
3.02502
2.74113
2.92788
2.70223
1.98129
2.28222
1.80262
3.12244
2.75986
3.33562
1.40201
2.68807
2.58839
2.42754
2.94355
0.37672
3.57855
2.28792
2.56321
2.94752
3.02367
2.21100
2.93409
3.09858
3.05851
1.99743
2.14529
3.63369
2.43175
3.12749
2.56478
2.71238
0.77856
3.09596
2.44424
0.81958
3.29581
2.34984
3.05084
2.39744
2.86152
2.92267
2.74887
3.08413
3.12869
0.30802
2.73554
2.33004
2.74767
3.13479
2.75986
2.70033
2.91442
2.17208
2.48814
1.59924
0.39359
0.28504
2.32575
2.91897
2.06692
2.70511
3.22977
2.81646
2.72649
2.63067
2.67726
2.20221
3.35754
3.22977
1.90523
3.18540
2.69929
2.71228
2.59131
2.49012
0.30930
2.36674
2.09320
2.69527
2.86151
3.19991
2.95721
3.33468
2.67006
2.93291
2.44772
2.82692
3.13823
0.40388
2.95388
2.82132
2.99234
0.56409
1.62873
2.86778
2.45062
1.26988
2.88595
2.83528
2.63700
2.54930
2.69472
2.59474
2.17083
2.20553
3.02130
0.88607
2.86296
0.73129
2.96065
2.14725
2.58790
2.33880
2.45946
2.39137
3.14874
2.92548
0.34587
3.06053
2.96065
2.06902
2.56410
3.07579
2.86429
2.89721
0.78117
0.27321
2.89199
1.89937
2.68498
2.82383
2.71409
3.28252
3.27018
2.30141
1.98129
3.08107
3.37011
1.79539
1.42766
3.45848
0.41730
2.14328
2.47369
2.83938
1.53502
2.25297
2.74017
2.98765
2.84138
0.61402
3.05045
3.10505
0.49263
2.08568
2.15553
2.32260
2.84182
3.02820
2.18606
2.71233
2.00898
2.72147
2.76921
3.21354
2.55714
2.95819
0.56861
2.93686
2.99849
3.03419
0.61381
2.33956
0.48877
3.30699
1.26887
3.10041
2.61841
2.48796
2.30184
2.28479
2.21540
2.58886
3.20886
2.86861
2.50540
3.01670
3.15171
2.94192
0.60385
2.60186
2.18582
2.77685
0.48877
2.94806
2.19623
3.05084
3.16891
2.21029
2.48791
2.30488
2.42027
2.49391
2.33995
1.92815
1.95154
3.06240
2.64791
2.88069
2.79170
3.04959
3.29683
2.83911
2.57760
2.58947
2.99333
2.52501
2.73922
3.02978
2.63783
3.37237
2.57603
3.14091
2.65513
0.81958
3.42126
2.05017
2.32679
2.25054
1.90523
2.74995
2.56371
1.10804
3.01670
2.16739
2.42029
2.82974
3.05478
2.88953
2.61800
2.51382
2.71108
3.03811
2.62754
2.16021
3.05917
2.15301
2.76507
2.68279
2.00732
3.32869
1.88860
3.22081
1.52533
2.43871
3.34662
2.23607
2.47488
2.68267
2.73131
2.56832
2.84172
2.43277
1.82924
3.16891
1.37872
1.94152
2.49888
2.46214
2.53470
1.91475
2.82970
2.73723
3.09858
3.12789
2.47390
2.36778
3.15900
3.02788
3.16891
1.94128
0.18748
2.62535
3.04453
2.86788
2.92384
2.97406
3.07616
0.36268
3.14868
2.23041
1.52819
2.37463
1.19663
2.74739
2.39346
2.36674
2.52710
2.50341
2.14198
2.60909
3.04481
2.19735
1.39280
2.90052
2.77880
2.95347
2.92548
2.39899
2.48069
1.10804
3.28644
2.77194
3.04931
3.25027
2.90815
2.99198
3.09008
1.74839
3.24750
1.46334
2.49314
3.07579
2.92108
2.92128
3.04481
2.64616
3.30011
3.20498
1.47194
3.28307
2.92384
2.00623
0.63641
2.93824
3.29803
2.73915
2.55425
0.84119
3.14736
2.08460
3.14325
3.32090
2.18606
2.91971
3.22977
2.06491
2.37493
2.94752
2.60571
3.28250
0.59758
2.96944
0.22472
3.03836
3.48077
3.02636
2.89563
3.30820
2.75833
2.63209
2.99404
1.82988
3.01670
2.34280
3.11681
0.38974
2.28191
2.70457
2.73476
2.75282
2.75055
3.13208
0.37151
2.76921
3.28094
2.23647
2.92108
2.49867
2.88116
0.73688
3.17189
3.04340
1.95054
2.37463
1.57788
3.07565
2.58925
2.20957
