2.91396
3.50573
4.05769
3.22488
2.91411
2.60487
3.76785
3.40698
3.80024
2.79806
4.25877
4.20890
3.41580
3.71050
3.76938
3.46347
2.60557
3.36520
0.47816
2.97237
3.56196
3.25442
3.52848
3.28884
0.39834
0.37385
2.77007
3.44417
2.68348
3.15531
2.90021
3.31235
0.47108
3.86442
3.05887
3.87531
2.64474
3.49107
2.86726
0.33110
3.83596
2.08864
3.60418
2.66302
3.85696
3.14707
3.29915
3.37390
3.28317
0.32000
3.57951
3.38176
3.56920
3.23947
3.61262
0.34581
2.94644
3.64364
2.81813
3.12116
3.57514
3.73286
2.50672
3.23572
2.32869
3.25069
2.64358
2.74283
3.68072
3.65771
3.40481
2.49656
3.93183
3.30636
3.60194
3.29314
3.63559
4.00535
3.52968
2.68826
3.52719
3.79474
3.88044
4.21836
3.37091
0.63339
3.43408
2.66177
0.45657
0.36538
4.48398
3.59549
3.70590
3.56538
0.36679
3.69519
3.90207
3.22288
2.95117
3.50387
3.61911
2.82427
3.38201
3.10031
3.61873
2.84921
3.20153
3.79789
3.62488
2.88904
2.29827
2.95657
3.39522
3.26700
3.01771
3.08510
3.43874
3.21961
0.44469
3.63403
2.84405
3.10282
3.38353
3.57353
2.92319
3.50064
3.51138
3.70501
3.64339
3.78837
4.02443
3.38133
3.26505
3.63338
0.43321
3.56651
0.27331
3.23756
3.51906
3.19192
2.90280
3.09894
3.26281
3.69693
4.06736
3.73063
2.80206
3.60457
3.11463
2.35781
3.24836
2.75587
2.41954
3.33827
3.77787
2.61677
2.77621
3.05452
3.79658
3.61930
3.93986
3.35110
2.15805
2.88691
3.30756
3.27099
3.96948
3.31287
3.77997
3.47069
2.39764
3.73924
3.12710
3.43382
3.99442
3.03469
4.11729
3.53998
3.22790
3.41372
2.30630
2.45858
3.20489
3.90767
2.59720
3.23267
3.92764
3.36223
3.32386
