3.78808
3.28697
3.37969
3.19315
2.56368
2.55749
2.48323
4.36793
2.60036
2.63323
0.50453
2.80135
3.81531
2.63426
3.43954
3.84182
2.78186
3.46263
1.38530
2.51647
3.61837
2.55991
2.57541
4.08657
3.52778
2.36751
3.33834
3.80794
4.20203
3.75618
3.76827
0.87518
2.96398
3.89818
0.67170
3.43765
3.52908
3.11924
0.74454
3.40947
2.44788
3.88769
1.42578
2.90981
2.27734
3.30303
3.12398
3.17921
3.05604
3.17183
2.62638
0.63277
3.73514
3.78043
1.01354
2.47095
2.66941
3.22600
2.76438
3.29790
1.89926
0.75789
2.70582
3.07666
3.41916
2.81821
2.81663
3.09152
3.80375
3.16980
0.74139
3.58514
3.50543
3.58019
3.47514
4.36821
2.90323
2.83632
3.46144
2.77066
3.32592
2.83546
2.32718
3.86661
3.60447
3.38931
3.26420
2.08207
3.06651
3.54926
3.69212
2.49487
2.70622
2.99274
3.57427
2.41043
3.88392
2.43106
3.03242
3.35167
2.24019
3.36734
3.45398
2.80112
3.03670
2.33594
3.72605
3.15646
2.77799
3.53644
2.47012
3.75517
3.55252
2.51162
3.67258
2.30651
1.98612
3.21359
2.57518
2.67906
0.50139
2.32734
2.49336
3.14416
3.11390
3.01249
1.87321
2.82364
3.94487
3.27649
1.09778
1.05483
2.71847
3.82757
2.53043
3.10377
3.45256
3.74332
3.61810
2.09977
3.69103
1.71492
3.27958
3.14772
3.85073
0.79611
3.50121
3.65811
3.47099
2.77987
3.29677
2.82150
2.50582
3.72030
3.42303
3.58698
3.17133
3.16600
2.33273
2.94249
2.65159
1.69981
3.18048
3.83193
2.63537
3.05397
3.56043
1.28056
2.42136
2.57146
4.19256
1.76437
3.72559
2.39887
3.42902
2.95119
1.99473
3.00790
2.64066
1.97722
2.79301
1.28251
2.97624
4.19382
3.64818
3.39242
0.70989
4.23507
3.87597
0.93286
1.10283
2.86934
2.84346
3.47268
3.17531
3.33594
3.47042
3.32004
2.32439
2.47195
2.68586
3.55375
3.32407
2.97374
4.02681
3.99580
3.35058
3.09629
3.48790
3.05641
3.62327
2.67648
0.66392
1.04928
3.69309
2.19100
3.25291
2.72881
2.09224
3.16833
2.71369
3.69656
0.99553
3.76319
2.87462
3.42514
2.84801
1.56659
2.04638
4.12965
1.89726
1.86135
3.32524
3.17671
3.64605
2.42043
3.27131
2.43222
3.36554
3.12018
1.91393
2.89951
0.33870
3.69197
4.16741
2.84720
2.78447
3.99711
3.81835
3.01051
4.17599
3.72958
4.26343
2.39193
3.26163
2.38609
3.30364
2.63470
2.97304
3.42593
2.50085
3.42805
2.14311
3.14808
0.38711
2.51939
2.59073
3.49905
3.37621
1.47128
2.91977
2.05568
3.22117
3.76731
4.10857
3.05858
3.13822
3.12206
0.52787
3.25223
3.05804
3.75209
3.18723
3.20642
3.31660
3.89748
3.35790
2.86366
2.68837
0.54427
3.23245
3.47929
3.68574
3.24279
3.14945
2.41320
3.88844
3.02667
2.21488
1.11159
2.87885
3.52031
2.85675
3.13373
2.50385
0.67639
4.17278
3.42997
3.04747
2.22676
3.46447
3.48038
0.66240
2.46993
0.57991
3.41467
3.01117
3.15594
2.66877
2.22855
3.13713
3.57383
2.86513
3.15462
2.95368
2.90498
2.90106
3.70971
3.16552
2.76680
2.65100
2.44623
3.23960
3.29005
3.15835
4.06038
1.56512
4.08963
2.32230
3.45223
3.32041
2.50176
2.34982
3.12809
3.25368
3.06883
3.39730
3.49130
3.54177
3.58470
4.32820
3.33589
0.22481
3.71168
3.40253
3.18036
2.55824
3.53547
3.98314
1.46312
2.34929
0.23193
2.69965
0.87900
3.77805
3.45570
0.44767
3.51645
3.91222
3.95422
2.81056
3.36378
2.95313
3.40364
3.09167
0.91707
2.98737
1.12346
2.87948
3.08934
2.42048
2.79151
3.44348
3.01172
2.72028
3.94659
2.21083
3.36987
2.41062
1.73894
2.61858
2.53742
1.54284
3.18044
3.11352
3.13722
3.21753
0.22166
2.45207
3.47844
2.72275
2.45455
3.73817
4.16674
2.28137
2.94288
3.48671
1.65737
2.03795
3.06709
0.52318
1.04058
0.97679
3.77035
3.73346
3.62233
3.99928
1.21697
2.90101
1.64120
3.12938
2.78494
3.44697
2.83000
2.45151
2.06586
0.37047
4.09442
3.82077
2.92403
3.22175
3.02032
3.38678
2.39499
2.87816
2.80658
2.85642
2.39915
2.32797
3.31511
2.39751
2.19741
2.93030
3.75469
2.19570
3.25721
2.28929
3.15357
3.23214
3.26064
3.22312
2.50712
4.18298
2.64927
0.43408
3.23369
4.10984
0.91468
3.01368
2.32900
3.02516
4.05570
3.89790
3.76095
2.80097
3.11546
3.24873
2.38877
4.10632
2.67011
3.14943
3.29991
4.03831
3.07839
3.40617
3.19984
1.73794
2.10363
3.61508
1.99390
2.99257
2.79580
3.23345
2.31282
2.65136
3.30564
3.18364
3.53662
2.94828
3.62114
4.24794
2.99450
3.31507
3.17169
3.78844
0.98427
3.68448
2.69596
3.02628
3.41779
3.54747
4.05083
3.02874
3.17266
0.71708
1.33608
2.69167
0.99549
2.65105
3.40225
3.61272
2.47543
3.03643
3.91173
3.34306
3.88745
3.00475
3.01831
1.09555
2.52969
0.48328
3.26814
3.33614
1.48336
2.98353
3.34504
3.21180
3.41891
1.01705
3.35778
3.50896
3.82121
1.24058
2.96479
3.28451
3.15263
3.46310
3.00472
1.19220
2.76808
2.72989
2.71054
2.43786
3.21813
3.22342
3.50772
2.86501
2.72197
3.35477
3.71836
3.20889
2.31100
3.75938
2.30869
3.58673
3.58657
1.21524
2.28426
3.26207
3.62925
3.28341
3.99968
3.01289
3.33869
3.77547
2.40528
3.37617
2.24038
3.31007
1.83565
2.80593
2.38075
2.59574
2.77015
2.29385
2.97267
3.14560
3.15722
3.73252
2.45523
3.00638
3.00051
2.47625
3.44831
2.97868
2.07484
2.40586
1.99289
3.29007
3.24002
3.61629
3.05216
3.25844
2.07082
1.32354
3.92198
3.13808
0.65398
2.39799
0.69304
3.33992
2.91324
3.64800
3.49405
1.29332
2.71210
2.81685
0.58080
2.19902
3.24169
2.15876
3.28414
2.15340
3.54893
3.72986
3.43169
2.67348
1.22796
2.92186
2.94592
2.85505
2.67058
3.24879
3.54729
3.19262
2.21686
2.00421
2.70831
3.14142
2.51825
3.13468
3.38327
0.79155
3.83391
2.28418
1.53733
2.94812
2.66968
2.85234
3.39800
3.07601
2.48247
3.45093
3.85157
2.37539
4.18665
3.79855
3.73702
0.88421
2.25946
3.61043
2.82041
1.93864
0.52032
3.25859
2.72950
3.77315
2.83392
2.82365
3.69226
2.70771
3.62665
3.45414
4.02275
0.63425
2.76711
3.46581
3.88344
3.49959
0.98266
3.86966
3.34979
2.49530
0.99960
3.19849
2.79212
3.63431
2.11132
2.99623
3.83366
3.22399
3.67945
3.94542
4.07379
3.18792
3.77998
3.57977
2.92940
2.38629
2.63975
1.92246
2.72520
3.16968
3.58674
0.96749
2.11902
2.91686
3.31845
3.90513
3.21755
2.89966
3.20451
3.09865
2.66890
3.10393
3.01819
4.08531
2.73364
0.47398
2.71140
1.05188
3.14644
3.34391
3.05653
2.97398
2.39003
3.59249
2.70888
3.74467
0.57323
2.83515
2.83831
2.53864
3.05436
3.26818
3.31554
2.79020
3.49857
3.07729
3.16001
2.70569
3.70277
3.40561
3.96237
2.93235
2.85992
3.26068
2.87754
2.57249
3.44235
2.60802
3.97893
2.80583
3.82988
2.82088
1.31449
2.47255
3.61246
2.09812
3.31654
