3.00767
0.28287
3.42140
3.97158
3.84723
3.17712
2.31120
0.90644
2.95897
3.24650
2.88421
2.43328
3.44918
3.83926
3.16607
3.23121
4.77701
2.97374
3.01474
0.33885
3.99197
2.76369
4.16036
4.41557
2.96265
3.28185
2.53027
2.55416
0.41530
0.47356
2.87564
3.86962
3.84953
0.89970
2.79313
2.71557
2.95597
2.30278
3.20773
2.90176
2.81010
3.37004
0.53486
2.50572
2.41562
3.20566
4.26020
2.40949
3.24377
3.02263
3.34501
2.92953
3.17708
3.57066
2.98098
2.39084
0.87295
3.10824
3.31671
3.29546
0.70864
4.41528
3.15268
2.79469
3.82968
3.67071
3.99057
2.77998
3.54914
3.28434
4.00469
3.23922
2.92474
3.38441
2.76556
3.43447
3.38252
3.30728
0.63403
3.08230
3.03097
3.84651
2.32193
2.25898
3.12253
3.53128
2.95597
2.94301
3.57101
3.13597
3.57722
2.92752
2.81037
2.93198
2.50160
3.36954
2.84966
3.43197
2.87314
2.98301
4.10888
0.88033
3.31113
3.21251
3.16058
2.13240
3.68130
3.08553
2.91173
3.18061
3.48175
3.42151
3.19540
3.07742
2.90522
3.25404
3.01814
3.09411
3.05051
3.90517
3.61507
3.08730
2.73146
3.03259
3.54988
3.16375
2.48338
2.40676
2.58507
3.00078
3.14494
3.42423
2.24291
2.49706
0.69730
2.65445
3.35540
3.77470
2.67464
3.18094
2.54847
4.43464
2.99798
3.58048
3.23922
2.72849
2.49706
2.54372
2.50455
3.01663
2.81037
2.26572
2.91560
4.06712
2.65531
2.87673
3.40500
2.78711
2.66838
4.64549
2.42060
2.95104
4.14897
2.66388
3.24377
2.62707
2.23968
4.08985
1.30427
2.85234
3.95874
2.82754
4.23542
2.92172
2.75776
2.73790
2.78267
2.84130
2.69163
4.05009
2.58308
1.40714
3.48529
3.55008
2.32193
4.22102
2.57867
3.76159
3.27347
2.44661
0.69092
1.14374
2.21139
2.86857
2.72741
2.65079
3.37843
2.82160
2.95703
3.17479
3.13198
2.81467
3.19893
3.12253
3.03586
2.89558
3.36359
2.18665
2.90322
2.50316
3.74739
3.31980
2.76009
2.58677
3.96040
3.25998
3.96673
2.61256
2.10440
2.58145
2.49544
3.09604
0.39056
3.62400
3.18749
2.93338
2.20679
3.43131
3.57075
2.43543
0.45346
3.27892
3.07135
3.03689
2.23968
2.75699
0.98771
3.73670
3.07686
4.24753
2.95055
2.76203
3.71405
3.35238
3.10159
3.05799
2.30657
2.56139
2.77079
2.61802
2.96772
4.06322
1.00156
1.93052
4.41543
3.87861
0.62473
2.00864
3.60060
0.82608
3.11982
1.74057
2.79414
3.07045
2.92847
3.23542
2.39455
2.95825
2.56913
3.39461
2.06934
3.92860
2.88633
3.39749
3.72509
3.07216
3.85443
3.26163
4.36739
2.78721
2.50495
3.23669
3.17082
2.41942
3.95282
2.06563
2.65830
2.47287
3.09033
3.68369
3.70433
3.30431
2.50572
3.18749
2.99201
2.50749
3.53571
4.08883
3.30464
3.17704
3.43487
2.75921
3.43026
3.10551
3.01496
3.06194
2.50082
1.76700
3.10744
2.73325
2.65517
3.32494
3.27449
2.92066
2.89314
3.05965
3.04847
3.41168
2.39084
3.08760
3.29086
3.26672
2.40728
3.20300
2.94337
3.30791
3.36804
0.70690
3.00127
3.37417
3.31725
2.43427
3.16429
2.36875
3.50214
4.11625
3.26161
2.83510
3.06593
3.53863
2.79313
2.94301
2.75370
3.21286
2.50455
2.73728
2.95831
2.07638
3.05237
2.07012
3.61141
3.61252
4.47296
3.24377
3.65700
3.03742
3.06135
3.11334
2.43627
4.67703
3.99197
0.17916
2.67034
3.24377
3.73202
3.06495
4.45438
3.17669
2.45429
4.32937
3.01683
2.92591
3.88558
2.43424
2.90865
3.00868
3.11187
2.34389
3.87950
2.49706
1.65426
1.65037
1.73892
1.74776
3.48698
3.14199
3.01250
3.52307
0.13193
3.04209
2.82160
3.17669
3.11780
2.59289
2.80945
3.43987
2.92552
2.54953
2.60592
2.70453
3.00041
3.08842
2.50065
2.69163
3.10469
3.65395
3.84953
2.79723
2.65517
2.32116
3.29280
2.99642
3.08668
3.08374
3.13481
3.33607
2.20313
3.85387
3.02006
3.25021
2.34389
2.23914
3.32447
3.06808
2.27379
2.55416
3.15130
2.84675
3.05219
2.47663
2.50342
3.14715
2.72035
2.16423
4.04316
1.01535
3.24853
3.35282
2.79218
3.34041
2.89465
4.33032
3.05319
2.70214
3.49245
3.11473
2.98936
2.30309
1.40780
1.65426
2.40877
2.93785
3.17924
3.21016
3.58704
2.98396
3.24475
2.40833
3.23457
2.49819
2.71279
2.70872
2.80110
3.53993
2.23305
2.45076
3.19751
3.20503
3.32621
3.62132
3.96025
3.18124
2.47195
3.23255
2.89682
3.41629
2.60576
3.48800
3.13388
3.55543
2.50228
3.06765
2.72995
2.59695
2.67841
2.92697
1.92725
3.01742
4.25474
2.68259
2.51173
3.42047
2.14598
4.45107
2.32116
2.82497
2.70834
2.98219
3.38117
3.99395
3.92992
0.84506
3.25251
2.32172
3.28039
2.34469
2.45573
3.19987
2.58186
3.84225
3.05600
3.11784
2.86657
3.08274
2.66337
2.68374
2.87881
4.01619
3.30434
3.43026
3.26791
2.83570
3.42666
3.61726
3.00850
2.83930
3.00831
3.40615
3.93903
3.22730
3.21614
3.26902
3.00857
2.45782
3.43487
2.19540
3.35170
3.01496
3.26958
2.90139
0.96023
3.15767
3.52271
2.81055
3.21149
2.54157
3.75817
2.71687
2.96371
3.37525
1.13027
4.47337
2.63506
3.64888
3.58701
3.40009
3.23669
2.65582
2.57504
3.99510
3.55456
2.87361
4.32767
3.08730
2.64445
3.29697
2.33406
3.14269
2.88436
3.36754
3.00850
3.11994
3.11781
2.99282
3.37578
2.86240
3.38667
3.23922
3.02031
3.01710
4.10131
2.68830
2.95897
3.55929
3.10116
3.14269
3.37144
3.23669
3.28185
0.18562
2.66388
2.89566
2.47228
2.87922
2.60244
3.94918
2.77079
3.03776
3.98507
2.47558
3.42455
2.70872
3.21127
2.66196
3.01103
3.05852
2.51427
1.40714
3.54490
3.47214
2.80803
0.55274
3.49245
3.19624
3.34065
4.30993
3.09506
2.85115
2.54349
3.04780
2.37574
3.58812
3.42386
2.77690
3.19721
3.25678
3.14269
3.54646
3.13975
3.38006
3.85387
2.95345
3.49030
4.03230
2.39970
2.82217
3.05276
3.29828
2.56969
3.10098
3.38202
2.98750
0.87093
3.18703
2.46824
3.76548
4.24500
2.04076
2.83817
3.66173
3.16958
3.43983
3.73666
2.21139
3.28054
4.26420
3.24124
3.27146
2.78063
1.61490
2.29688
2.83612
0.63492
0.36957
3.17575
4.30993
3.46895
1.97228
0.86762
3.42489
3.14289
3.09033
3.00141
2.72508
3.34287
4.04316
2.97050
4.26856
2.21114
3.61622
3.83926
2.50065
2.98396
3.46029
3.32642
3.14638
3.01001
3.11784
2.92847
2.80845
3.92860
3.18077
3.60596
3.03525
0.69218
4.07106
2.14299
3.31904
2.27379
3.15469
2.18665
4.02530
3.11688
3.84856
3.23117
2.80294
2.57933
3.21033
2.39977
3.15469
2.90453
2.74055
4.61741
2.74280
3.98965
3.40105
2.45575
2.93785
2.05157
2.92369
3.27352
3.62022
4.33407
3.16073
4.53010
3.13597
0.66235
3.43033
4.08335
4.01097
2.55284
2.85780
4.12969
1.72687
2.69004
2.44135
3.27783
3.14778
3.53571
3.21812
3.25293
3.24134
3.19490
3.17899
3.48529
1.17935
3.94656
3.53076
3.16589
3.59127
2.88654
2.59852
3.40903
2.50065
3.24447
2.99282
3.55140
2.93389
3.71124
3.24710
2.81304
3.20386
3.48102
3.04819
3.21265
3.49584
2.34764
3.88252
4.53010
2.81584
2.78716
3.26995
2.84312
3.43487
3.12654
2.39957
3.58487
3.77385
3.10613
3.28054
2.94864
4.23389
3.00041
2.38142
2.92651
4.60955
3.90517
2.72508
3.06495
3.04764
2.66668
0.64135
4.07223
3.17709
3.35923
3.05537
3.26689
2.58820
4.26877
0.52199
3.10028
3.18362
3.04703
4.47296
3.03554
3.21156
3.05349
0.93701
3.21265
3.08374
3.42721
2.57369
0.77973
2.49850
2.88848
3.16922
3.49245
2.55085
3.20185
2.89121
3.06808
4.35592
2.29523
0.70830
2.64393
3.01474
2.45782
3.23129
4.18525
3.47644
3.19948
0.69171
3.40546
3.17869
3.18777
2.82387
2.05959
3.35099
2.64029
0.32497
2.11163
0.43884
3.08831
2.95978
3.15720
2.77724
2.94019
0.38402
3.39339
3.34773
2.85531
2.44076
3.45758
3.42716
3.37547
2.45076
2.17793
3.24345
3.51302
2.57328
3.24447
3.19140
2.33507
2.97050
3.95253
3.56041
3.15432
3.65492
2.77212
3.93839
3.46716
3.70865
3.57576
2.93679
3.55743
3.43987
2.97716
3.34211
4.06089
3.43638
2.81986
3.41531
2.83492
3.58995
3.14872
2.44719
2.76379
2.07468
3.23964
3.13691
3.49302
2.52677
2.93027
3.79255
2.73489
3.14707
0.68265
3.56898
2.93529
2.78988
3.22241
3.17669
2.61802
2.99658
3.23669
3.37603
2.13782
2.54315
4.01049
2.76611
3.38595
2.90829
3.07742
1.38403
3.24377
2.81509
0.81294
4.28568
2.69793
3.35807
2.86424
3.08395
3.17507
3.11982
3.74126
4.66041
0.55457
3.01329
2.56969
3.17393
3.21545
3.13691
3.15773
4.06706
2.50316
2.67464
2.13986
0.75626
0.59929
2.71188
3.13053
2.55422
3.02195
3.34773
3.28031
2.96772
2.81517
2.82425
2.71434
4.22483
3.34773
2.17157
3.57011
2.64309
2.78464
2.77724
3.96673
0.63057
2.59795
2.12670
3.10098
3.17924
3.90164
4.12998
3.49245
2.85684
3.54619
2.79699
3.17712
3.55891
0.66235
3.20339
3.05372
3.20353
1.07048
1.74746
3.11184
2.49850
1.42897
3.29927
3.08928
2.98072
2.75392
3.22797
2.83570
2.41095
2.65028
3.17521
1.04783
3.03588
1.39894
2.98936
3.71124
2.76920
3.76548
3.68003
2.92092
3.31621
4.35677
0.76345
3.74259
2.98936
2.77238
3.71405
3.28054
2.94652
3.24886
1.07914
0.43598
3.90365
2.60516
3.07783
3.06843
2.96586
4.24450
4.21172
2.30495
2.44719
3.48915
3.22164
2.14598
1.65426
3.48559
0.49756
2.50082
2.71453
3.93796
1.91301
2.67138
2.92199
3.34521
3.07930
0.69419
3.15973
3.75719
0.69092
2.43836
2.39977
2.59792
3.29697
3.43622
2.77555
3.49620
2.35429
2.88920
4.13825
3.29546
2.61736
3.19339
1.20526
3.00041
3.26995
3.04383
0.78404
3.55008
1.01320
3.43006
1.29221
3.18572
2.94275
3.92314
2.61826
2.79414
2.76715
2.93198
3.62718
2.89598
3.33607
3.19987
4.24753
3.39831
0.98260
2.84909
3.05561
3.98341
1.01320
3.25195
2.59109
3.35807
3.23922
2.82554
3.17957
2.94626
2.80321
2.80001
2.62669
2.48338
2.81626
4.61741
2.71387
3.17150
2.82141
3.14269
4.47249
3.28506
2.86657
2.91255
3.37327
2.80945
2.89981
3.51653
3.15217
3.48123
3.05464
3.76191
2.73790
0.81294
3.38873
2.19859
3.43638
3.39339
2.17157
2.92552
2.91144
1.33480
3.19987
2.25682
3.28744
3.25557
3.50209
3.16589
2.90614
2.79283
2.88193
3.80899
4.19523
2.90845
3.30434
2.68994
2.93338
3.28629
2.31967
3.52509
2.01198
3.42716
2.50749
2.67623
3.39539
2.47047
3.28098
2.77759
2.87466
2.97703
2.90139
3.02186
2.44366
3.23922
1.76277
2.57369
2.87881
3.12344
2.98098
2.55663
3.19948
2.90350
3.23669
3.42386
2.65582
2.54953
3.63513
3.36798
3.23922
2.31852
0.22760
3.02898
3.20556
3.33349
4.08335
3.19664
3.43987
1.02950
3.47835
3.38252
1.70250
2.69743
1.40714
3.03998
2.39957
2.59795
3.98965
2.92608
2.44173
2.91351
4.30983
2.77615
1.57932
3.58701
3.98538
3.44100
4.35677
2.56334
2.79595
1.33480
3.47785
3.13460
3.15115
3.47885
4.23542
3.14182
3.21388
1.97929
3.28563
2.12487
2.77091
3.28054
4.24772
4.23127
4.30983
3.58487
3.47648
3.74227
1.58098
3.58269
3.45115
2.51427
0.58287
3.12429
4.44006
3.38309
2.46752
1.06104
3.45712
2.25788
4.18525
3.74612
2.77555
3.23129
3.34773
2.17975
2.56139
3.22241
2.73562
4.18972
0.99607
3.21149
0.48336
3.14199
4.62351
3.18424
2.98574
4.46809
2.88329
3.08848
3.27449
2.33930
3.19987
3.41629
3.56268
0.79698
2.78791
3.82371
3.19195
2.89558
3.18703
4.28966
0.54204
4.13825
3.64545
3.20109
4.24772
3.95253
3.21772
0.63492
3.38096
2.75543
2.56505
2.69743
1.65012
4.33620
3.99395
2.26202
