0.34017
3.39529
0.21929
2.92017
3.54488
2.66939
1.62632
3.63085
1.55184
2.66676
3.87248
2.33701
3.28302
1.39733
0.72964
1.95953
2.41350
1.16851
3.78687
2.68467
3.34385
2.50409
0.19784
2.43027
3.86511
2.55198
3.21091
3.59517
4.31972
2.49840
2.42941
3.42954
1.84348
0.47554
2.88398
0.22757
0.69305
0.49357
4.06558
4.01030
3.86035
3.89518
0.37939
2.27548
0.30844
2.67220
2.73175
3.51887
3.22413
3.37649
2.07900
0.13586
3.92022
3.43002
2.77036
3.23340
3.09822
3.27959
2.14951
2.96828
2.49793
2.83552
2.39904
2.61401
3.63759
2.84548
2.34852
1.92242
3.73853
2.02118
3.13778
2.06360
3.57353
3.42935
3.54063
3.02145
2.31247
3.89205
2.88381
0.14139
3.07659
4.26066
0.49910
2.69426
2.37660
3.09114
4.29649
4.20124
3.89684
3.34682
3.12276
3.70022
3.09192
4.22351
1.95844
3.27449
3.43098
3.91082
2.77645
2.67983
3.30019
0.95984
2.30050
3.83456
0.71923
3.39043
3.08933
3.34174
1.67875
2.15321
3.26727
3.84628
3.62838
3.30721
4.01045
3.98773
3.74773
3.09730
3.30381
3.98098
0.17906
3.48183
2.14969
3.49101
3.33335
3.76447
3.78247
2.83030
3.15180
0.22938
0.33914
2.84865
0.25640
3.84736
3.52071
3.83261
2.89264
2.80584
3.88426
3.77660
3.95652
2.13860
3.42871
0.38165
2.49173
0.26949
2.75065
3.69260
0.25541
2.49393
3.65010
3.38307
3.25537
0.44724
4.15971
3.74984
3.78098
0.89124
3.22381
3.56574
3.26639
3.67709
3.35162
0.24552
2.22185
3.20784
3.42146
2.28945
3.16089
2.92120
3.35044
3.02950
2.68137
2.99944
3.34024
3.79849
3.02698
2.62615
2.68120
3.51169
3.67169
0.22923
2.43871
3.02838
3.84642
3.16135
3.81917
3.43440
3.29912
3.80952
1.82069
3.28946
1.84657
3.31646
0.88634
3.05925
3.11087
2.41574
2.46865
1.97081
2.93237
1.65398
2.79543
3.90726
2.58119
2.87917
2.98906
1.90570
3.87319
2.76271
2.39371
2.17857
1.60642
3.10821
3.34452
3.96603
2.75891
4.87135
0.62986
0.42320
3.97163
3.24239
0.26594
2.46604
0.21698
3.94024
2.92361
2.91218
2.96936
0.34156
2.54342
3.19489
0.28033
2.02496
3.51054
1.54947
2.63066
1.80216
3.77245
4.12467
3.35234
2.61225
0.48540
2.71593
2.11479
2.70534
3.19008
3.31098
3.06115
3.14551
2.56805
1.57956
1.22885
3.06508
3.12848
2.89821
3.26931
0.24235
4.03702
2.26834
1.93505
3.16561
3.06672
3.05370
3.81665
3.17132
2.26580
3.52661
3.66060
1.27052
3.65926
3.96099
3.95690
0.31519
0.45268
3.47837
3.61743
2.14206
0.32684
2.38452
2.86202
3.73948
2.51609
3.04245
3.97185
1.85170
3.04189
2.42100
3.68030
0.13579
2.14518
3.63422
3.80784
3.35489
0.59172
3.64476
2.43487
2.88905
0.38536
3.30243
2.95610
3.61374
2.42166
3.04077
4.09968
3.60173
3.43783
3.81512
4.13076
2.94676
3.32302
3.20031
2.88173
2.34027
2.70104
2.30711
2.84713
2.82922
3.20255
0.53879
1.90420
3.23468
3.52942
4.24880
3.37854
3.20386
3.42511
3.30103
2.92289
2.97793
3.10254
3.86603
2.31248
0.15066
2.27603
0.20789
3.93270
3.49114
3.07157
3.18713
3.21363
3.67447
2.09033
4.26676
0.22797
2.91091
3.58678
2.85513
3.12388
3.42149
3.84501
3.31627
3.49747
3.28422
3.33891
3.36109
3.43941
3.10850
3.63547
2.45926
3.12688
3.07175
2.63767
1.57606
2.76474
2.78504
3.75511
1.63282
3.91556
3.26298
0.22029
2.67060
3.56759
1.55809
3.50679
