3.31328
2.84673
3.13371
2.52431
2.35083
1.94640
2.02088
3.52821
2.18997
2.01187
0.43645
2.15403
3.14817
2.62457
2.88047
3.14532
2.71063
3.47077
0.57209
2.57185
3.04956
2.48159
1.96649
3.34921
2.69016
2.46671
3.25574
3.46275
3.27035
3.21121
3.03024
0.49819
2.76972
3.26267
0.53101
2.69517
2.91177
2.89931
0.44217
2.97468
2.28107
2.58342
0.95389
2.80703
2.26837
2.79036
2.86765
2.66379
2.94883
2.77075
2.23877
0.52805
3.40447
2.19002
1.08935
2.07111
1.96549
2.26218
2.70146
2.59982
1.67127
0.85321
2.23753
2.30063
3.29394
2.67713
2.72007
2.25901
3.05560
2.25520
0.34607
3.61774
2.95133
2.63705
2.04332
3.56755
2.05535
2.27363
2.94018
1.94653
3.28388
2.63750
1.96093
3.69280
2.95045
2.97825
2.70995
2.08519
1.70580
2.60527
2.57399
2.42641
2.15713
2.76268
3.32220
1.82165
3.47481
2.12080
3.09960
2.61656
1.67531
2.83452
2.69067
2.58568
3.22288
1.59131
3.88024
3.09443
2.39040
2.81480
2.40325
3.40027
2.89271
2.32536
3.05506
1.91430
2.04352
3.01117
2.60457
2.48856
0.70965
2.20031
2.52135
3.18201
3.08561
1.91631
1.37506
2.38228
3.72164
3.12568
1.11128
0.62192
2.44885
3.67318
2.10370
2.75682
2.91015
3.17295
3.36610
2.24702
3.27850
1.48949
3.18277
2.79476
3.31436
0.73432
3.07095
2.97528
2.96853
2.38520
3.22071
2.62874
2.13792
3.32808
2.85281
2.59015
2.41147
3.10499
2.26023
2.44283
1.91148
1.00434
2.98579
2.99778
2.11849
2.54201
3.04956
0.93183
2.82940
2.27100
3.25737
1.17743
2.95897
2.24328
3.02340
2.89495
0.97941
2.77461
2.29850
2.00703
2.45680
0.83255
2.60469
3.55710
3.06121
2.99860
0.40326
3.12149
3.60857
0.85858
0.66931
2.45873
2.50929
3.26601
2.05901
3.11008
3.24851
3.19445
1.99671
2.86248
2.23196
2.94351
2.82388
2.98743
3.08115
3.74790
2.93106
2.16716
3.12330
2.75161
2.77448
2.48578
0.35512
1.14121
3.06769
1.89954
2.47696
2.26246
2.18146
2.48133
2.57505
3.11242
0.57796
3.44719
2.52310
3.12427
2.86259
0.78371
2.37175
3.13592
1.80680
1.68706
2.94159
2.94896
2.85220
2.30577
3.03753
2.13980
3.18814
2.65597
1.99491
2.46796
0.16981
3.39316
3.53089
2.64651
2.20952
3.68479
2.52173
2.69955
3.48514
2.97776
2.77097
2.54441
2.96391
2.22061
2.94562
1.97362
2.69067
2.83473
2.37310
2.84275
1.95905
2.43335
0.31843
2.30038
2.23969
3.40417
3.35869
1.17185
2.57915
2.04298
2.47894
2.94011
2.75780
2.68360
3.09143
2.48061
0.47225
3.07711
2.59418
2.93790
3.10026
2.79551
2.98672
3.42872
2.44943
2.57608
2.35480
0.44477
2.65264
2.73044
3.41062
2.70427
2.68933
2.36170
3.00186
2.81219
2.49387
0.70653
2.76805
2.74687
2.76626
2.91522
2.36191
0.24100
2.83387
2.97294
2.73546
1.74829
2.48832
3.36144
0.75825
1.86599
0.47150
2.90512
2.60736
2.92414
2.64542
1.64848
2.93127
2.85326
2.30068
2.76433
2.87904
2.50070
2.86900
2.98270
2.23647
2.43899
2.22054
1.76200
3.39297
2.93149
2.24371
2.98385
1.30361
3.64794
1.99381
3.24238
3.47780
2.04689
2.45862
2.77145
3.09882
2.97380
3.13173
3.29496
2.94036
3.07374
3.54629
2.85477
0.32182
3.21390
3.03875
3.01630
2.27185
3.03892
3.85707
0.76600
1.89344
0.30002
2.27419
0.73143
3.15256
3.38320
0.25977
3.00400
3.18910
3.49500
1.97994
2.86228
2.76476
2.38094
2.87693
0.45164
2.30864
0.69727
2.48276
2.95974
1.99477
2.41401
3.14411
2.45343
2.13597
3.28961
2.60115
2.63489
2.15365
1.25226
2.15035
2.54283
1.00507
2.95398
2.84261
2.55008
2.74189
0.32998
2.25187
3.16102
2.12571
2.35227
3.12920
3.43879
2.26429
2.22066
2.61700
1.46929
0.62776
2.76345
0.37370
1.04194
0.61380
3.64757
3.54912
2.89767
3.47336
0.41203
2.24384
0.70306
2.30047
2.38267
3.08017
3.00322
2.49099
2.26750
0.32915
3.26276
3.31618
2.12143
2.99979
2.43004
2.83664
1.61187
2.61862
2.55494
2.55517
1.91138
2.15655
3.04303
2.07339
2.13812
1.90417
3.16625
1.92406
1.91609
1.97766
2.75990
2.97988
2.90296
2.55525
1.83643
3.19069
2.36245
0.30557
2.80054
3.87458
0.74787
2.25351
2.17570
2.65556
3.43443
3.24914
3.10905
2.93669
2.34260
3.09759
2.14813
3.70447
2.67738
3.05105
3.00209
3.25110
2.98532
2.68337
2.71390
1.60878
1.94899
3.03627
0.94905
2.90790
2.15451
2.87476
2.10315
2.92391
3.08852
2.50969
3.24109
2.79388
3.01750
2.87916
2.43571
3.04716
3.01863
3.07698
0.50813
3.06530
2.47548
2.79542
2.35950
2.76421
3.64592
2.27407
2.95490
0.78790
0.67370
2.56458
0.79346
2.13993
3.09742
3.45783
2.40406
2.12927
3.67086
2.81431
3.37404
2.61860
2.84560
0.37099
2.32094
0.33393
3.11915
3.40040
0.84072
2.49437
3.00583
2.62543
2.96797
0.49995
2.84511
3.02971
2.90167
0.96207
2.81570
2.68311
2.65631
3.24403
3.06459
0.66683
1.63297
2.07685
2.62978
2.24390
2.89760
2.74145
2.94674
2.75395
2.33400
2.59101
2.93680
3.19732
2.02419
2.76166
2.13231
2.88909
3.07184
0.71487
1.77393
2.56159
3.42706
2.66569
3.26417
2.86159
2.65504
3.49568
1.60673
3.06928
1.89989
3.19016
2.03334
2.82340
2.17856
2.48468
2.33427
1.97993
2.76739
2.41755
2.72117
3.19124
2.34202
2.43092
2.93193
1.94851
2.35342
2.67585
2.13291
1.91891
1.79039
2.73876
2.29358
3.33781
2.55106
3.24975
0.94789
0.74083
2.79769
2.82714
0.26753
2.19013
0.98061
3.06219
2.75369
3.15337
2.84261
0.48335
2.11602
2.27423
0.51553
1.96240
2.99330
1.71649
2.90726
2.05930
3.31336
3.32764
2.62907
2.47388
0.76326
2.57835
2.19043
2.29872
2.23447
2.81580
3.19731
3.01740
2.04500
1.88122
1.21995
2.79206
2.02626
2.23673
2.37398
0.59574
2.77780
2.04704
1.81068
2.73208
2.80889
2.77394
2.93883
2.98573
2.18314
3.09777
3.60454
1.43523
3.15445
2.69870
3.31315
0.65996
0.85648
3.32582
2.72754
1.63312
0.43082
2.81661
1.93463
3.18897
2.78324
2.58706
3.21742
2.44689
3.15465
2.59943
2.73304
0.46342
2.27708
3.12682
3.24553
2.59128
0.99530
2.70212
2.92262
2.59352
0.47630
2.97265
2.74872
3.11804
2.18585
2.46553
3.14866
2.81742
3.35594
3.33190
3.36258
3.11708
3.15310
3.12860
3.02998
2.20948
2.48035
2.18123
2.50827
2.33153
3.40573
0.46797
2.05465
2.79692
2.71379
3.62200
2.67386
2.85005
3.12466
3.06003
2.08466
2.24190
2.48554
3.49072
2.56226
0.61795
2.16561
1.09967
3.13855
2.96241
2.81474
2.77845
1.98375
3.11514
2.33452
3.96786
0.23118
2.79196
1.96199
2.36877
2.85915
2.68503
3.16669
2.75507
3.25501
2.87749
2.96768
2.91885
3.13888
2.81357
2.81778
2.26185
2.73570
2.88263
2.46077
2.51216
2.63533
2.45804
3.53056
2.42028
3.51677
2.85914
0.60529
2.30562
2.39408
1.97712
3.19314
