3.03597
3.66533
3.61187
3.23029
2.82559
3.08836
3.63517
2.91353
3.36260
2.81068
3.02475
3.16508
3.54974
3.35427
2.97508
2.74951
3.23629
3.14460
1.34533
2.64584
3.27795
3.48674
3.14100
2.98057
1.14733
1.09115
3.55715
2.99761
2.95604
2.62208
2.95444
3.38796
1.16982
3.53890
2.60052
3.63083
3.03519
3.73822
3.62679
1.56976
3.55798
3.10847
3.53073
2.76765
3.61042
3.68588
3.54247
2.93592
2.75921
1.52429
2.80679
3.19016
2.97835
3.09414
3.47268
0.88893
3.04155
3.46561
2.81524
2.70501
3.30200
3.82670
2.89162
3.15915
3.11093
2.98756
2.72209
3.19342
3.15952
3.11389
2.62962
2.88189
3.47943
2.95733
3.20455
2.89848
3.88665
3.74773
3.34219
3.38793
3.47667
3.09804
3.40591
3.87466
2.77790
1.34934
2.91829
2.82628
2.12039
0.87257
3.58831
3.63706
3.51735
3.52259
1.09262
3.49824
3.16690
3.42491
3.03263
2.95194
3.33538
2.93060
3.58501
2.86850
2.74970
2.85266
2.18784
3.42465
3.18663
3.14283
3.13750
2.79147
2.87164
2.76144
2.93924
3.24211
3.11248
2.98596
0.86171
3.20310
2.56336
2.57566
3.43387
3.49582
2.86733
3.17141
3.17596
2.87270
3.71831
3.15333
3.82264
3.28503
3.12025
3.31780
1.48693
3.24638
1.07980
3.28687
3.21694
3.41891
2.57523
2.95603
2.96218
3.67011
3.88250
3.34233
2.69824
3.05740
3.26151
3.28588
3.53277
2.76334
2.17666
3.24038
3.39613
2.56999
2.75517
3.01886
3.36067
3.67942
3.47935
3.01242
2.61365
3.34066
2.94064
3.02351
3.32334
3.24203
3.26591
3.26898
3.45592
3.79880
2.90242
3.21195
3.70641
2.81766
3.76670
3.15776
3.42375
3.50316
3.23902
3.13440
3.02304
3.70866
2.53628
2.93044
3.86931
3.60857
3.15450
