2.54272
0.17800
2.74908
3.12953
1.80959
2.46570
1.35271
0.58825
2.31760
2.54605
2.37971
1.92806
2.76967
2.61788
2.60696
2.67888
2.80021
2.14423
2.43222
0.30771
2.55144
2.43232
3.03876
2.95441
1.96503
2.49397
2.31981
2.29489
0.20675
0.29984
2.19503
2.67902
1.80392
0.33041
2.19537
2.06694
2.09535
1.49962
2.54239
2.04176
2.25352
2.67717
0.20582
2.08792
1.69434
2.44750
2.86990
1.82026
2.58977
2.29544
3.01312
2.57478
2.55519
2.88587
2.33359
2.16801
0.39626
2.68652
2.48289
3.03759
0.53417
2.76155
2.55933
2.16002
2.61728
2.53840
2.35306
2.01903
2.81896
2.01640
3.07237
2.68136
2.47559
2.98278
2.52863
2.79637
1.95860
2.74054
0.28238
2.39307
2.16405
2.50425
1.78911
1.83484
2.51038
2.76715
2.09535
2.37119
3.19572
2.08535
2.71058
2.40836
2.06203
2.41551
1.87386
2.80692
2.24646
2.61213
2.37400
2.39282
2.49794
0.43376
2.84496
2.51612
2.51520
1.02552
2.88860
2.13597
2.32682
2.50389
3.04741
3.02593
2.54057
2.30405
2.03888
2.06220
2.07728
2.04466
2.76071
2.20814
2.53100
2.39082
2.22362
2.22877
2.31123
2.49089
1.68048
1.76087
2.01708
2.15640
2.52887
2.98380
1.54476
2.18143
0.49154
2.26724
2.53737
2.43538
2.12024
2.18812
1.93630
2.71283
2.30818
2.08821
2.68136
1.70679
2.18143
1.89557
1.70068
2.36493
2.06203
1.45661
2.34625
2.41637
1.95292
2.12907
2.82057
2.28935
1.92717
2.73275
1.92408
2.27890
2.69581
2.12618
2.58977
1.78701
1.68697
2.55805
0.71091
1.79575
2.75273
2.41914
2.66117
2.27356
1.78364
2.24821
2.05892
2.00811
2.34501
2.69435
1.45705
1.01026
2.52968
2.06422
1.78911
2.67169
2.00920
2.96274
2.54958
2.03097
0.34919
0.52877
1.89532
2.34196
2.09008
2.24852
2.80546
2.21951
2.21854
2.63322
2.68014
2.16233
2.59258
2.51038
2.43626
2.47346
2.88515
1.88046
2.26753
1.91727
3.19277
2.93615
2.14112
2.41192
2.24764
2.53360
2.24746
2.16327
1.48868
2.38199
1.86954
1.96680
0.19622
3.02189
2.66429
2.36591
1.79009
2.86830
2.86029
1.66306
0.21254
2.63507
2.59966
2.43909
1.68697
2.27778
0.56073
2.90077
2.85542
2.75874
2.46839
1.97611
2.37379
2.79647
2.47648
2.14845
1.73632
2.19103
2.12225
1.93074
2.57755
2.66745
0.51059
2.10216
2.56095
2.45483
0.23405
1.63771
2.97099
0.35644
2.41817
1.45577
2.01038
2.33440
2.25455
2.63550
1.37909
2.02294
2.09725
2.54468
1.56459
2.20702
2.71197
2.67269
2.95597
2.34768
2.14814
2.45357
3.06483
2.17380
1.83985
2.55962
2.60787
1.95728
2.22064
2.14738
2.37366
1.87603
2.49983
3.08871
3.10766
2.70631
2.08792
2.66429
2.37915
1.41304
2.91203
3.09752
2.81742
2.57582
2.98701
2.84686
2.63076
2.44088
2.14934
2.36167
1.89219
1.35307
2.46707
1.68362
1.96434
2.61239
2.82069
2.16470
2.29904
2.37581
2.53304
2.81997
2.16801
2.55153
2.52185
2.02050
1.82701
2.51143
2.37999
2.71073
2.99583
0.45767
2.33435
2.99221
2.13573
2.04153
2.47520
1.81935
2.89386
2.65227
2.58342
2.28663
2.53819
3.15700
2.19537
2.37119
1.85080
2.55700
1.70068
2.43193
2.28331
1.30882
2.21768
1.48413
2.88367
2.74448
2.68344
2.58977
2.83087
2.06869
2.43027
2.52151
1.74529
3.28448
2.55144
0.13231
2.18041
2.58977
3.10115
1.85356
2.95435
2.52459
2.19416
2.71999
2.44417
2.35943
2.10436
1.87322
1.97882
2.46383
2.64064
1.40298
2.42515
2.18143
1.18037
1.36814
1.20600
1.25188
2.90274
2.68429
2.53168
2.64932
0.12908
2.50195
2.21951
2.52459
2.35529
2.05112
2.24975
2.67739
2.46166
2.07421
1.81122
1.66141
2.49388
2.55862
1.92982
2.34501
2.10305
2.92704
1.80392
2.16682
1.96434
1.82548
2.84800
2.53503
2.47357
2.28233
2.72045
2.29997
1.80471
2.96670
2.24723
2.63026
1.40298
1.90055
2.82081
2.43177
2.20178
2.29489
2.97896
2.31784
2.43028
2.01829
2.23830
2.53741
2.05175
1.46093
2.40289
0.80153
2.73920
2.78865
2.25620
2.27200
2.23750
2.98803
2.35642
2.10944
3.07721
2.47700
2.54832
1.73062
1.07935
1.18037
1.83718
2.38772
2.47308
2.68295
2.28644
2.22229
2.57926
1.98708
2.40106
2.30949
2.14810
2.17203
2.08429
2.88399
1.50137
1.81749
2.67479
2.54526
2.97406
2.73325
2.25531
2.66113
1.88154
2.63879
2.71431
2.05979
1.87741
2.98974
2.90015
2.98400
1.67039
2.52209
1.95921
2.27633
1.86469
1.70369
1.51068
2.29531
2.80592
2.78325
1.70574
2.34027
1.46332
2.81947
1.82548
1.83032
2.72873
2.40798
2.64677
2.32695
2.65231
0.64484
2.65482
1.86072
2.79989
1.62320
1.90545
2.54595
2.04548
2.45540
2.50417
2.45426
2.25773
2.54395
2.08598
1.87753
2.31332
3.14805
2.68450
2.63076
2.59801
2.20455
2.63599
2.90822
2.46355
2.16872
2.45377
2.01837
2.21180
2.55485
2.41576
2.41639
2.35571
2.19207
2.98701
1.98128
2.00890
2.14934
2.67916
2.48915
0.48475
2.68038
2.92709
2.37799
2.73515
2.67100
3.11755
2.05342
2.37038
2.67344
0.41959
2.73944
2.26892
2.13009
2.57408
2.45622
2.55962
2.12522
1.84523
2.68253
2.82485
1.83169
2.91108
2.39082
1.70342
2.44550
1.45285
2.58513
2.06964
2.36225
2.46355
2.20765
2.46290
2.61395
2.82073
2.15931
2.78650
2.68136
2.21331
2.35642
2.49071
1.86855
2.31760
2.87010
2.49470
2.58513
2.82325
2.55962
2.49397
0.08651
2.12618
2.57969
1.85922
2.26721
2.05649
2.20600
2.12225
2.41292
2.23176
2.18631
2.55752
2.17203
2.82553
2.08135
2.34289
2.35199
1.76218
1.01026
2.88073
2.62346
2.26180
0.18015
3.07721
2.81589
2.91599
2.71014
2.44865
2.21013
2.01444
2.54559
1.94458
2.78118
2.85108
1.86047
2.48491
2.74059
2.58513
3.14120
2.32033
2.52455
2.96670
2.30747
2.34777
2.52481
1.76138
2.21139
2.57219
2.77459
2.04684
2.32295
2.98170
2.27589
0.50374
2.46847
1.92683
2.10134
2.66177
1.85301
2.39550
2.29617
2.38756
2.84686
2.96685
1.89532
2.56527
2.70059
2.47058
2.57512
2.49185
0.73034
1.80629
2.85476
0.64641
0.25569
2.43606
2.71014
3.03676
1.51530
0.47070
2.67127
2.66178
2.49983
2.43774
2.00642
2.58063
2.40289
2.33441
2.67793
1.65531
2.29429
2.61788
1.92982
2.22229
2.96168
2.72316
2.47008
2.42398
2.47759
2.25455
2.25616
2.20702
2.25233
2.85772
2.44753
0.54077
2.76164
1.24770
2.54855
2.20178
2.70173
1.88046
2.29076
2.49063
2.65904
2.48543
2.25032
1.95314
2.77186
1.98663
2.70173
2.32354
2.52791
2.72536
2.21442
2.26477
2.73122
1.79397
2.38772
1.75944
2.03542
3.08903
2.75043
2.49098
2.60790
2.99047
2.08535
0.32753
2.88517
2.63505
2.53567
2.18653
2.34354
2.70726
1.14635
2.16534
1.82445
2.61825
2.38227
2.91203
2.44430
2.53392
2.60142
2.34696
2.22999
3.19750
0.47688
2.41789
2.82590
2.46983
3.01204
2.01662
1.94241
2.90610
1.92982
2.06160
2.61395
2.72625
2.28580
1.79875
2.57300
2.75059
2.82927
2.76330
2.51462
2.47253
3.04126
2.12336
2.58873
2.99047
2.16939
2.11557
2.58676
2.52460
2.98701
2.19644
2.18794
2.52580
3.20737
2.49144
2.56527
2.37687
2.67867
2.49388
2.07246
2.04766
2.36815
2.20814
2.00642
1.85356
1.92481
1.65591
0.25807
2.65307
2.43643
2.80814
2.40160
2.76757
1.98787
3.02019
0.14996
2.41392
2.48637
2.52426
2.68344
2.65196
2.66066
2.27563
0.62656
2.47253
2.28233
2.74942
1.69698
0.60748
2.34674
2.75476
2.63778
3.07721
1.90812
2.48291
2.13771
2.43177
2.97477
1.87535
0.35568
1.97952
2.43222
2.19207
2.60450
2.79760
2.72638
2.50965
0.27491
2.62430
2.58829
2.54020
2.11912
1.58729
2.89797
1.56645
0.16071
1.79820
0.24804
2.38834
2.41644
2.47908
2.19926
2.39232
0.11729
2.03329
2.71115
2.50652
2.07128
2.82364
2.89161
2.69607
1.81749
1.73390
2.56507
2.85072
2.10432
2.06160
2.72015
2.19840
2.33441
2.22611
2.84105
2.83862
3.21386
2.12806
2.53731
2.82660
2.93445
3.00191
2.41064
2.16912
2.67739
2.61293
2.75781
2.30340
2.07443
2.72662
2.62527
2.45737
2.67686
2.37811
1.69101
1.96527
1.62906
2.76958
2.36795
2.99648
1.14293
2.54421
2.30033
2.30031
2.56896
0.29209
3.32613
1.96249
2.31251
2.55307
2.52459
1.93074
2.53801
2.55962
2.82217
1.77051
1.87773
3.44841
2.15246
2.80034
2.22880
2.30405
0.61731
2.58977
2.19265
0.72069
2.87977
2.06245
2.74136
2.12200
2.46929
2.56467
2.41817
2.77164
2.82895
0.25964
2.48088
2.04684
2.47969
2.76331
2.36795
2.34163
2.63110
1.91727
2.12024
1.39120
0.35171
0.22056
1.97208
2.50705
1.79439
2.34104
2.71115
2.45889
2.57755
2.21187
2.28395
1.97721
2.99738
2.71115
1.65439
2.89643
2.47315
2.29487
2.19926
2.24746
0.22173
2.00501
1.83099
2.32295
2.47308
2.86564
2.61163
3.07721
2.28821
2.64510
2.15922
2.46570
2.82835
0.32753
2.53429
2.41846
2.61953
0.46162
1.45369
2.55792
2.34674
1.12018
2.65250
2.41833
2.16424
2.30940
2.44618
2.20455
1.84369
2.05618
2.82557
0.71546
2.49661
0.52421
2.54832
1.79875
2.38379
2.10134
2.12638
2.09256
2.86296
2.76818
0.30407
2.85288
2.54832
1.87491
2.37379
2.56527
2.61481
2.61745
0.62814
0.17706
2.73423
1.65947
2.44247
2.40717
2.32580
3.06390
3.09844
2.04876
1.69101
2.80099
2.91837
1.46332
1.18037
3.17714
0.34982
1.89219
2.32302
2.49069
1.41867
1.93835
2.59416
2.56893
2.48203
0.56396
2.61074
2.79536
0.34919
1.96713
1.98663
2.05449
2.44550
2.72563
1.94578
2.56100
1.67659
2.33740
2.51749
3.03759
2.18849
2.57586
0.45353
2.49388
2.58676
2.57567
0.48923
2.06422
0.45358
2.79906
1.11931
2.74752
2.26466
2.20335
1.99301
2.01038
1.86100
2.23515
2.90128
2.48843
2.29997
2.54595
2.75874
2.59750
0.44021
2.23911
1.87287
2.40525
0.45358
2.56449
1.93554
2.74136
2.68136
1.94273
2.25670
2.08704
2.21797
2.18212
2.09717
1.68048
1.73241
2.72536
2.32255
2.47589
2.52071
2.58513
2.90886
2.52698
2.25773
2.26376
2.64019
2.24975
2.40795
2.67645
2.34220
3.18507
2.36657
2.84552
2.24821
0.72069
2.98979
1.89293
2.07443
2.03329
1.65439
2.46166
2.18236
0.92974
2.54595
1.96432
2.11371
2.65830
2.61730
2.46983
2.32131
2.31111
2.29304
2.75088
2.32172
1.91645
2.68450
1.79944
2.36591
2.34405
1.73920
3.01575
1.63373
2.89161
1.41304
2.13071
3.02208
1.92005
2.28147
2.38181
2.45583
2.32056
2.48915
2.18451
1.50412
2.68136
1.15201
1.69698
2.31332
1.99689
2.33359
1.74051
2.50965
2.31735
2.55962
2.85108
2.12522
2.07421
2.75045
2.65273
2.68136
1.68441
0.14719
2.31034
2.64645
2.49590
2.63505
2.58414
2.67739
0.23701
2.87005
1.95860
1.27375
2.08253
1.01026
2.44921
2.18794
2.00501
2.26477
2.22134
1.92476
2.33731
2.82443
1.93803
1.15789
2.57408
2.40098
2.53050
2.76818
2.14208
2.18637
0.92974
3.10144
2.46318
2.64937
2.86412
2.66117
2.59721
2.70073
1.51550
2.92131
1.29693
2.23217
2.56527
2.65593
2.63642
2.82443
2.52580
3.05952
2.86385
1.31237
2.80940
2.53686
1.76218
0.57298
2.60858
2.83873
2.48926
2.30754
0.80174
2.76870
1.81650
2.79760
2.99873
1.94578
2.60450
2.71115
1.81000
2.19103
2.55307
2.32588
2.97908
0.54104
2.73515
0.20462
2.68429
3.22554
2.52683
2.52079
2.86984
2.42518
2.35114
2.82069
1.54374
2.54595
2.05979
2.81296
0.30334
1.98418
2.42593
2.45480
2.47346
2.46847
2.82976
0.30015
2.51749
2.99896
1.96803
2.65593
2.22611
2.70135
0.64641
2.93130
2.75172
1.72022
2.08253
1.36231
2.68179
2.32695
1.90228
