3.28556
0.24307
3.55562
4.35076
3.24268
3.43332
2.22314
0.19954
3.11194
3.55667
3.15198
2.67360
3.38659
4.01626
3.22179
3.59761
4.61260
3.24652
3.15366
0.12342
3.98622
3.32090
4.26534
4.31108
3.90903
3.58184
3.03037
3.02261
0.23222
0.12188
3.23027
3.80647
3.44898
0.40401
3.14975
2.93579
3.07954
2.62365
3.63713
2.25811
3.16307
3.62323
0.29110
3.36155
1.72441
3.54018
4.14191
2.23080
3.47226
3.48729
4.11659
3.27206
3.48856
3.76201
2.96433
2.85961
0.38347
3.53920
3.74125
3.62427
0.50551
4.60905
3.45722
3.07314
4.11038
3.64372
3.67112
2.95897
3.98868
3.61772
4.28322
3.46011
3.53445
3.61724
3.08355
3.78809
3.74199
3.59847
0.44908
3.44478
3.04230
3.75624
2.20081
1.97664
3.53774
3.85380
3.07954
3.13042
4.18615
3.25886
3.28073
3.14283
2.98040
3.70843
2.47410
3.84211
3.09452
2.87866
3.48965
2.97978
3.72609
0.29133
3.91909
3.57472
3.58269
1.93109
3.35400
3.19366
3.08488
2.68193
3.71023
3.66841
3.44426
3.46194
3.35336
3.56939
3.36164
2.81219
3.42216
4.10585
3.92012
3.43614
3.10535
4.01036
3.64792
3.39105
2.73448
2.73503
2.93457
3.36122
4.16308
3.87258
2.46100
2.58035
0.19444
3.05779
3.49807
4.21036
3.16196
2.70736
3.03495
4.51288
3.31496
3.67558
3.46011
2.59186
2.58035
2.32674
2.50593
3.34729
2.98040
2.45790
3.19537
3.84563
3.17862
3.15727
3.79997
3.14147
3.17333
4.82418
2.67174
3.17480
4.13288
3.17376
3.47226
1.52201
2.71251
3.41028
0.45527
1.66756
4.10217
3.73929
4.56645
3.18511
2.40252
3.26731
3.25677
3.23118
3.08620
4.20160
2.47542
1.79584
3.46007
3.85320
2.20081
3.74175
3.00775
4.20995
3.61867
3.20413
0.20254
0.28643
2.64716
3.24609
3.09546
3.09046
3.73858
3.19571
3.27582
2.94600
3.86377
2.92760
3.78093
3.53774
3.28066
3.36971
3.72691
2.10976
3.26956
3.06734
3.87616
3.65736
3.14289
3.11082
3.64069
3.35480
3.64274
3.29102
2.38761
3.13799
2.62456
2.42661
0.15048
3.97162
3.73502
3.29198
2.73451
3.73383
3.91655
2.75479
0.12804
3.54901
3.23896
3.16278
2.71251
3.42013
0.36990
3.90482
2.67474
4.24703
3.44585
3.31937
3.97034
3.55602
3.37026
3.09610
2.57264
2.77177
3.04319
3.04416
3.41819
3.94023
0.33954
3.69722
4.22983
4.19321
0.31630
2.69920
4.20405
0.25200
3.20846
1.90390
3.68876
3.37172
3.24617
4.03973
2.24268
3.71313
3.01718
3.20152
2.60209
3.66392
3.36209
3.70078
3.86179
3.42113
3.53003
3.03725
3.85865
3.32995
2.82319
3.47643
3.45719
2.23757
3.64022
3.74968
3.06710
2.19413
3.34526
4.18058
3.87161
3.62186
3.36155
3.73502
3.23885
1.86787
3.57164
4.24669
3.82407
3.50319
3.89486
4.05069
3.11110
2.96329
3.03815
3.06356
2.99347
1.83523
3.87871
2.32995
3.32587
3.54624
3.31516
3.46199
3.25540
3.30824
3.27874
3.66863
2.85961
3.31068
3.57746
1.67155
2.70018
3.57985
3.15796
3.61083
3.75885
0.27895
3.36867
3.97180
3.73008
2.93841
3.57053
2.64271
3.73152
3.94383
3.62514
3.08707
3.14656
4.13408
3.14975
3.13042
3.09080
3.52236
2.50593
3.25370
3.09401
1.76620
3.43315
2.13305
3.87577
3.68901
4.53710
3.47226
3.91118
3.61925
3.34442
3.92800
2.39276
4.31074
3.98622
0.13759
2.94189
3.47226
4.00957
3.09669
4.30936
3.42518
3.19621
4.09303
3.48611
3.31175
4.11700
2.50352
2.36254
2.88199
3.49741
2.57549
3.86621
2.58035
2.02742
1.97435
2.16309
2.21225
3.80312
3.65175
3.45755
3.51753
0.04481
3.23467
3.19571
3.42518
3.30971
2.66427
3.09365
3.56257
3.21708
3.39037
2.79268
3.43285
3.25353
3.37300
2.99524
3.08620
2.43360
4.11165
3.44898
3.09154
3.32587
2.08717
3.81604
3.61197
3.27999
3.29665
3.62417
3.73620
2.47279
4.31305
3.42609
3.67358
2.57549
3.20574
3.71523
3.32920
2.60928
3.02261
3.53276
3.30478
3.37953
3.09039
2.88620
3.40651
1.76812
2.59746
3.73764
0.25732
3.09229
3.66348
3.02771
3.77224
3.06673
4.12413
3.25267
3.23913
3.67645
2.69231
3.35883
2.33330
1.64783
2.02742
1.91854
3.41435
3.42429
3.60185
4.15285
4.15724
3.49126
3.08098
3.36453
2.98963
3.19996
2.98854
3.23073
3.46665
2.79392
2.42834
3.78362
3.41823
3.67432
3.85065
3.63256
3.48093
3.05043
3.51549
3.33016
3.78466
2.18953
3.75939
3.48759
3.80905
2.43222
4.15326
2.96986
2.96375
2.91024
1.57552
1.40705
3.29082
4.57998
4.08278
2.20708
3.38223
2.65861
4.61221
2.08717
3.62031
3.91336
3.23418
3.82457
3.68094
4.10921
0.42315
3.80705
2.55073
3.43491
2.58327
2.83207
3.31102
2.94547
4.20314
3.35071
3.41207
3.49951
3.64396
3.03898
2.89849
3.03183
4.40859
3.61781
3.11110
3.64675
3.21181
3.75949
4.12065
3.12059
3.09826
3.24123
3.77562
3.64955
3.46793
3.51513
3.60043
3.18288
2.82139
3.89486
2.82188
3.14299
3.03815
3.36106
3.44102
0.44309
3.56271
3.58051
3.09701
3.30162
3.99408
4.00243
3.38662
3.23836
3.57107
0.27977
4.25041
2.93192
3.90614
3.70582
3.41108
3.47643
3.35347
3.12733
4.10779
3.90632
3.54206
4.18515
3.43614
2.33387
3.69952
2.41120
3.38450
3.37778
3.84533
3.12059
3.08858
3.40397
3.37632
3.75070
3.17940
3.73650
3.46011
3.34446
2.98730
3.69070
2.58649
3.11194
3.83938
3.49589
3.38450
3.69585
3.47643
3.58184
0.04636
3.17376
3.30144
2.97446
3.40863
2.68448
3.65374
3.04319
3.48992
3.66971
3.12794
3.50014
2.98854
4.03205
2.93284
3.12159
3.53758
2.40738
1.79584
3.61353
3.43203
3.29881
0.27581
3.67645
3.41469
3.72927
4.51855
3.45801
3.13319
2.62343
3.59643
2.12932
3.89238
4.08117
2.85969
3.47318
3.70279
3.38450
3.83577
3.30739
4.00118
4.31305
3.23144
3.56438
4.28412
2.23813
2.86386
3.67359
3.74357
3.06823
3.40514
3.83971
3.05944
0.16111
3.48086
2.83655
4.04083
4.47233
2.33281
3.05490
4.01357
3.30081
3.74682
3.39400
2.64716
3.45865
3.81188
3.41680
3.62876
3.04535
0.45556
3.36024
3.01213
0.39328
0.12479
2.72501
4.51855
3.86830
2.33259
0.19521
3.08756
4.06662
3.34526
3.34260
2.99892
3.65067
3.73764
3.15744
3.89875
2.34730
3.71568
4.01626
2.99524
4.15724
3.46611
2.76138
3.46444
3.32428
3.23137
3.24617
3.14505
3.66392
3.32098
3.96440
3.18418
0.23458
4.20287
1.85193
3.41268
2.60928
3.51117
2.10976
3.74819
3.46220
4.01616
3.42388
4.11816
2.79232
3.11086
2.16629
3.51117
3.28291
3.47916
4.79636
3.10449
3.66902
3.45993
2.44401
3.41435
2.39840
3.08289
3.90834
3.66995
3.91338
3.65978
4.25137
3.25886
0.18471
3.79740
3.89653
3.34077
2.65000
3.26464
3.94325
1.18357
3.08351
2.18648
3.69819
3.32054
3.57164
3.41015
3.59765
3.63959
3.55645
3.44852
3.93794
0.28284
3.82121
3.50038
3.56308
3.92052
3.32692
3.04856
4.18500
2.99524
3.66351
3.37632
3.83794
3.27963
3.41390
3.38209
3.53675
3.56151
3.94407
3.40624
3.41675
3.73228
2.77001
4.09038
4.25137
3.21889
3.17814
3.47992
3.29560
3.89486
3.34074
2.68711
3.45641
3.72673
3.27086
3.45865
3.31217
3.82642
3.25353
2.66213
3.44284
4.05340
4.10585
2.99892
3.09669
1.59168
2.13311
0.31551
4.13029
3.53321
3.76776
3.36574
3.00742
2.84063
4.77148
0.13426
3.27109
2.99920
3.34070
4.53710
3.47475
3.55088
3.35577
0.39337
3.41675
3.29665
3.32300
2.84889
0.31965
3.01487
3.27698
3.56833
3.67645
2.32440
3.61718
3.30605
3.32920
4.22222
3.56579
0.35694
3.30506
3.15366
2.82139
3.40196
4.02120
3.89402
3.20457
0.30574
3.68133
3.61469
3.43980
3.51169
2.91419
3.78831
2.08016
0.06992
2.76756
0.25389
3.42725
3.35895
3.40787
3.08381
4.05249
0.16691
3.15177
3.65973
2.25298
3.29250
3.43362
3.82899
3.47755
2.42834
2.55649
3.51283
3.65290
3.01840
3.66351
3.75506
2.98896
3.15744
3.64949
3.81855
3.59729
3.86844
2.91938
3.80425
3.51657
3.89051
4.05720
3.32232
3.87832
3.56257
3.51226
3.83731
3.76389
3.78412
3.81700
3.72926
3.55172
3.48476
3.32146
2.50206
3.25535
3.07877
3.69355
3.31234
3.83405
1.17121
3.39009
3.96148
2.94239
3.40581
0.24072
4.19561
3.38308
2.78651
3.67119
3.42518
3.04416
3.53478
3.47643
3.51322
2.50476
2.86678
3.93174
3.35983
3.68649
3.19025
3.46194
0.34666
3.47226
3.33100
0.42454
4.11126
2.99065
3.44694
2.81508
3.59966
3.44130
3.20846
3.76755
4.47791
0.30805
3.77323
3.06823
3.48373
3.61308
3.31234
3.21879
3.86073
3.06734
3.16196
1.88307
0.30097
0.25802
3.44572
3.67433
2.73475
3.37244
3.65973
3.38453
3.41819
3.22862
3.19586
3.54654
3.96268
3.65973
2.50588
3.92134
3.53743
3.27048
3.08381
3.64274
0.31401
2.92810
3.16453
3.40514
3.42429
3.86872
4.37464
3.67645
3.16771
3.90624
3.22873
3.43332
3.51339
0.18471
3.35087
3.44657
3.46671
0.24818
2.07668
3.36172
3.01487
1.64700
3.47745
3.48236
3.85120
3.13658
3.00114
3.21181
2.99977
2.46148
3.52535
1.38161
3.45922
0.33689
3.35883
3.41390
3.04474
4.04083
3.46669
2.97674
3.79246
4.11572
0.26964
3.80309
3.35883
2.21250
3.97034
3.45865
3.88138
3.62569
0.50697
0.23154
4.14676
1.68894
3.58861
3.39336
3.41241
4.22881
3.87654
2.93631
2.50206
3.51861
3.80458
2.65861
2.02742
3.96359
0.16002
2.99347
3.07403
3.73730
1.78793
3.05852
3.41449
3.52948
3.53385
0.30649
3.61192
3.85944
0.20254
2.19580
2.16629
3.01705
3.69952
3.57069
3.30791
2.97925
2.88165
3.27231
3.77880
3.62427
3.10432
3.45560
0.30418
3.25353
3.47992
3.34642
0.27690
3.85320
0.22334
3.89026
0.46451
3.69907
3.24254
3.60739
3.04157
3.68876
2.85615
3.55572
4.00882
3.38943
3.73620
3.31102
4.24703
3.62444
0.39181
3.21811
2.39138
3.87275
0.22334
3.41557
2.96312
3.44694
3.46011
2.86676
4.30795
3.24264
2.91309
3.17847
2.91047
2.73448
2.36729
4.79636
3.29610
3.30370
3.87216
3.38450
4.22525
3.42626
3.49951
3.32888
3.68342
3.09365
2.97442
3.34652
3.61468
3.99121
3.46953
3.80278
3.26731
0.42454
3.82135
2.05674
3.78412
3.15177
2.50588
3.21708
3.78673
1.67472
3.31102
2.67944
3.09052
3.64291
3.87354
3.56308
2.67657
3.08997
3.58579
3.97833
3.82666
2.28817
3.61781
2.83137
3.29198
3.79862
2.05210
4.01962
2.14164
3.82899
1.86787
3.25791
3.67506
2.81475
3.78079
3.11506
3.19450
3.18205
3.44102
2.97546
2.45360
3.46011
1.17389
2.84889
3.03183
3.62891
2.96433
2.83432
3.20457
3.37722
3.47643
4.08117
3.35347
3.39037
3.84815
3.58051
3.46011
3.10613
0.16411
3.54450
3.50527
3.52549
3.89653
3.53505
3.56257
0.31631
3.33467
3.74199
1.99806
2.99609
1.79584
3.43225
2.68711
2.92810
3.66902
3.08182
2.78617
3.36384
4.53539
3.23309
1.68713
3.70582
3.86014
3.46894
4.11572
3.26375
3.26141
1.67472
3.74635
3.45597
3.51403
4.06185
4.56645
3.35462
4.19028
2.32441
3.73967
1.85769
3.12993
3.45865
4.49783
4.04899
4.53539
3.45641
3.95173
4.08025
1.30324
3.91542
3.62674
2.40738
0.31335
3.55313
4.22711
3.29779
3.03230
0.27500
3.69391
2.76913
4.02120
3.96782
3.30791
3.40196
3.65973
3.03001
2.77177
3.67119
3.08473
4.05432
0.31657
3.30162
0.35044
3.65175
4.26617
3.40185
3.46921
4.27534
2.93602
3.15610
3.31516
2.36302
3.31102
3.78466
3.75983
0.20937
2.75766
3.85759
3.51381
3.36971
3.48086
4.40087
0.44691
3.77880
3.93408
2.43930
4.49783
3.64949
3.08230
0.39328
3.93343
3.92728
2.81048
2.99609
1.96986
4.11259
3.68094
2.93920
