1.20818
0.93529
1.27042
3.43875
2.19014
1.82938
2.77355
1.98771
0.94909
1.11846
2.79236
3.24681
1.99008
3.28691
2.02279
0.45155
0.70217
1.67479
0.97701
0.07660
2.75886
2.76161
2.56768
2.86154
3.09270
0.88726
1.14027
0.23817
3.62140
1.11374
0.13818
1.15964
2.50497
0.17037
2.96376
0.16097
0.94081
3.20317
0.46867
1.94285
0.78610
3.72535
2.48056
3.90261
2.63828
2.89332
1.02134
2.96063
0.24897
2.88169
3.04468
0.14205
0.98407
2.70662
1.60046
1.45083
2.32240
3.09723
1.40842
2.71221
1.06803
3.03988
1.73650
2.87434
2.54053
1.54337
0.43689
3.25569
0.37101
3.53671
2.80270
3.33612
2.03780
1.00731
1.00317
0.95680
3.18581
3.57313
0.61689
2.71472
2.66978
2.46111
0.21985
0.82803
0.95278
1.07283
3.34454
0.47918
1.70363
1.78852
3.01969
0.86191
2.89969
3.12578
3.54103
0.39773
2.38050
0.35151
2.06453
2.16512
2.62520
2.58309
3.23873
1.51875
0.47508
3.32388
3.60153
3.21078
0.40817
3.62241
3.26092
3.23416
2.27586
3.30231
1.35432
2.80600
0.80353
3.57123
1.23302
0.81725
0.46278
1.38452
3.10298
0.12279
0.96428
3.61381
2.63984
1.75721
3.76422
3.39339
1.22424
2.78311
1.23506
2.60517
1.91727
3.13340
1.06960
2.71516
0.39975
1.29486
2.42722
3.10865
2.87600
0.19111
1.45430
3.21636
2.74308
1.40469
3.12138
1.84150
0.39066
3.24611
2.77107
0.79465
3.11634
0.93478
2.80913
1.01815
3.05676
1.30645
3.45166
0.44157
1.12233
3.01599
3.31356
1.41658
3.13507
0.44163
2.07963
0.36312
3.27428
1.64595
2.90139
3.06786
0.90226
1.90868
2.91916
0.78273
3.27723
1.89571
0.64074
2.77196
2.79630
3.00466
0.46927
0.54525
2.43936
3.17184
0.55977
2.89594
3.67660
1.70837
3.29239
1.01845
2.78667
3.50556
0.76512
0.40206
3.12555
2.20488
2.70846
0.82904
0.18472
1.45861
2.11766
1.05591
2.89040
0.57699
0.54581
3.26729
2.39628
0.41874
0.30219
3.05191
2.65557
0.73110
2.91131
3.09397
2.41805
3.26900
0.33821
1.31549
1.43001
2.72244
1.43892
2.59385
1.91182
3.35140
3.00941
2.78206
1.48173
0.14109
2.11613
3.32986
2.62128
0.84082
3.21710
1.56682
1.08535
0.31476
0.82685
0.43621
1.24347
0.38594
1.81878
0.92615
3.35741
0.51025
0.33217
1.24359
0.20218
2.80406
2.81930
2.70459
3.28647
1.19963
2.95913
0.25698
0.48426
0.81653
0.25880
2.72295
3.47827
3.11197
0.46527
1.30800
2.42214
2.97841
0.20432
3.29562
1.50937
0.86595
2.31371
0.51565
1.67514
1.44543
0.58325
1.28699
2.79070
1.65418
1.09921
2.64426
2.63721
0.62542
0.81242
2.94405
3.58156
0.30419
2.03040
3.42878
0.61484
3.14355
1.58907
0.72508
0.51223
2.52021
0.84761
3.08187
3.69413
1.03250
1.07754
2.97816
1.70206
1.30030
0.28627
3.03836
0.47204
2.51447
2.70473
0.31277
0.92985
3.12202
2.34565
2.05235
2.76846
2.10413
3.14404
3.20409
0.43795
0.41080
2.69878
0.83547
2.00586
3.12044
2.00963
3.38095
0.62660
2.87097
2.67636
3.21346
0.32696
2.36637
2.76188
1.33551
2.76259
1.49703
1.66287
1.53549
0.98344
0.50119
2.90026
0.73611
3.37433
3.02400
2.13712
2.80963
0.45681
3.12482
1.96400
1.67195
3.47109
2.71638
3.03834
0.56551
3.27120
2.77805
1.44682
2.73985
2.98600
2.02629
1.60472
2.77433
0.37312
0.48039
0.79956
1.46050
1.18068
1.48955
2.90027
0.25355
3.51567
1.06478
2.69559
1.12523
2.63425
1.30309
1.64140
2.41013
2.33016
2.71649
0.50166
0.20248
0.44326
0.46429
1.06520
1.06636
0.29145
3.44630
1.78815
2.58566
0.55956
0.99918
2.84052
2.54898
3.06979
0.61905
0.67142
3.18029
3.72575
0.19894
1.69846
2.34109
3.12763
2.33589
2.50260
1.10506
0.45551
0.71422
2.08588
3.06142
0.50635
3.10842
0.84740
1.13861
2.98594
3.12702
2.77092
2.85917
3.66496
2.34843
0.81599
2.55345
1.79251
0.42471
3.45150
1.06979
1.31407
2.60451
1.03297
0.66945
0.72151
3.00852
1.02147
3.35810
2.41461
2.88663
3.68880
1.75507
1.82509
3.05193
1.21914
0.74131
1.03142
2.85956
1.12304
2.88005
0.49833
3.87120
2.57765
1.01048
0.43031
3.31972
1.24475
0.93195
0.92520
0.87804
2.30464
0.61109
0.94974
0.64178
2.00172
1.28278
0.54292
2.88097
2.88513
2.82374
0.66150
0.21799
2.58517
2.72322
2.08305
3.12565
0.95639
0.68283
3.36126
0.16453
2.90261
0.25718
3.19397
0.43480
3.03117
3.39542
1.13382
3.04529
3.06337
2.65784
0.95478
2.26083
2.90883
0.31895
1.54672
0.09209
0.17347
0.87357
1.60173
1.43021
2.60827
2.95627
0.31531
1.90883
1.00307
3.58552
0.75541
2.66507
0.63639
2.72570
1.18237
1.27633
2.58475
1.50023
2.60415
2.81704
2.93675
3.09847
2.52718
0.39374
0.88447
0.62278
0.25027
0.88860
3.57420
0.28463
2.97132
2.91789
0.63130
1.19711
2.83208
1.13731
3.01038
2.35217
1.54780
2.09682
3.58521
2.65257
0.59914
0.35156
1.19372
1.29001
0.93420
1.35148
0.37024
2.77253
2.92875
0.78624
3.15611
3.05521
0.47503
2.58983
2.86527
0.55269
3.32525
2.74648
2.36405
0.65500
0.45310
3.20261
0.15416
1.15544
2.95125
3.08113
0.59859
